0 0.000000
1 32.520889
2 82.473480
3 45.757427
4 51.420132
5 237.272629
6 111.778305
7 9.326070
8 124.935371
9 1114.235107
10 24.702307
11 782.926514
12 131.760895
13 481.258545
14 38.960518
15 34.972202
16 117.774986
17 786.597900
18 776.625977
19 8.623794
20 111.049721
21 135.727615
22 218.254486
23 196.621216
24 139.978027
25 85.873795
26 62.489964
27 115.937973
28 44.745235
29 93.626633
30 47.045338
31 121.163139
32 338.948730
33 83.657822
34 9.204736
35 155.580063
36 679.193970
37 306.718140
38 273.989960
39 80.613411
40 24.665470
41 89.352791
42 63.994480
43 252.498184
44 4.079500
45 130.575745
46 16.832792
47 138.768127
48 48.341354
49 941.282166
50 11.309209
51 910.851318
52 90.741241
53 105.486366
54 24.922634
55 211.337723
56 132.067429
57 21.343960
58 164.244431
59 79.488503
60 1602.230713
61 382.997681
62 26.432726
63 92.456917
64 121.683968
65 324.412842
66 140.405045
67 238.751801
68 48.773422
69 7.492279
70 178.132751
71 172.458466
72 1352.662109
73 223.110703
74 80.183372
75 1134.588379
76 195.442734
77 475.414825
78 392.483643
79 85.803024
80 255.868958
81 181.092529
82 323.962280
83 217.790878
84 295.666595
85 99.193901
86 37.814404
87 189.858185
88 144.155060
89 139.796280
90 92.620949
91 238.162979
92 53.054058
93 390.981354
94 356.040863
95 121.716728
96 85.198997
97 32.218262
98 163.208084
99 49.673679
100 146.766968
101 177.160400
102 73.224236
103 814.986816
104 273.678192
105 185.761795
106 12.572137
107 1392.034058
108 814.615845
109 45.168709
110 8.443897
111 61.092991
112 378.558472
113 143.313583
114 151.842499
115 175.733810
116 77.285271
117 193.860870
118 156.697739
119 26.356861
120 69.799995
121 25.142717
122 1027.927490
123 54.316727
124 133.420685
125 269.231812
126 332.695404
127 314.631256
128 64.523865
129 32.563046
130 27.469732
131 133.989990
132 33.831688
133 141.305695
134 197.463303
135 328.920654
136 36.619797
137 0.100578
138 190.540085
139 138.678009
140 40.842159
141 164.927429
142 329.615540
143 63.684784
144 102.889610
145 246.740936
146 131.967056
147 228.034744
148 508.270599
149 295.440643
150 133.369324
151 19.783865
152 223.614227
153 21.549162
154 88.154778
155 170.005875
156 69.908882
157 51.334560
158 107.227036
159 762.424683
160 15.207913
161 371.451263
162 50.659634
163 560.132751
164 52.454506
165 33.401386
166 135.858765
167 559.062073
168 74.795059
169 501.058929
170 141.358307
171 530.607300
172 83.647125
173 133.294449
174 266.961609
175 146.383926
176 143.082138
177 322.964722
178 631.931702
179 248.310013
180 28.672764
181 143.090149
182 17.088633
183 120.800285
184 541.309326
185 25.611902
186 270.500946
187 102.546379
188 164.859207
189 49.362499
190 2.434933
191 153.935303
192 104.747635
193 28.111080
194 192.106400
195 198.323547
196 238.910797
197 37.333347
198 148.071762
199 481.690125
200 50.352032
201 87.112999
202 447.319214
203 128.446777
204 19.037226
205 567.142395
206 25.478411
207 487.624725
208 30.984730
209 127.036697
210 60.198448
211 72.721146
212 63.708557
213 360.466919
214 175.853638
215 274.789734
216 111.533035
217 208.775208
218 180.804688
219 105.368431
220 90.131317
221 40.688957
222 155.916946
223 344.890320
224 43.040318
225 115.665901
226 280.883453
227 222.111816
228 185.705139
229 103.824188
230 57.546127
231 156.130585
232 380.747467
233 115.630249
234 12.459497
235 244.933914
236 37.734787
237 116.447670
238 43.861366
239 231.526840
240 2.802822
241 26.108013
242 57.851818
243 428.981995
244 61.319561
245 243.330612
246 37.001801
247 106.408470
248 141.063934
249 383.958679
250 288.294800
251 111.561317
252 133.454498
253 66.403831
254 28.418404
255 55.021980
256 385.874634
257 18.416988
258 288.392975
259 254.489578
260 15.831854
261 203.493668
262 198.091568
263 563.825684
264 141.665848
265 152.602615
266 275.109009
267 144.328415
268 161.821640
269 112.488945
270 10.169005
271 207.182526
272 142.701462
273 35.677711
274 3.518589
275 137.092606
276 33.462524
277 111.339462
278 9.632183
279 61.843201
280 87.560120
281 447.640503
282 20.565567
283 84.500305
284 11.724125
285 278.160187
286 124.297760
287 806.536438
288 200.189224
289 0.681476
290 74.226944
291 7.209865
292 278.648712
293 281.183502
294 67.885399
295 5.547633
296 215.756531
297 78.476082
298 203.793411
299 164.042130
300 29.499556
301 243.356201
302 364.128540
303 396.308594
304 38.966320
305 145.205338
306 57.579010
307 0.167595
308 0.087432
309 7.530716
310 67.185570
311 31.483730
312 175.714844
313 94.802292
314 76.926620
315 1.780539
316 129.447220
317 159.290878
318 39.453014
319 15.330900
320 37.242691
321 252.036957
322 2.921993
323 164.672806
324 12.425552
325 0.000000
326 221.340897
327 15.023144
