0 153.539917
1 150.250854
2 148.650146
3 145.749329
4 147.344772
5 156.996719
6 155.437515
7 138.626740
8 138.936920
9 158.673386
10 152.768143
11 153.305954
12 154.228119
13 137.604248
14 146.433304
15 143.349258
16 151.664261
17 143.415878
18 143.657578
19 150.179138
20 151.593643
21 142.989212
22 157.506607
23 162.835815
24 145.022339
25 147.458267
26 149.898071
27 146.450623
28 154.616928
29 159.538315
30 146.210297
31 149.955246
32 142.416504
33 158.681335
34 151.130173
35 150.497726
36 142.837845
37 150.430817
38 152.521103
39 137.668671
40 146.664825
41 143.722549
42 158.959610
43 155.171387
44 145.462402
45 141.950668
46 143.907318
47 160.209030
48 155.503036
49 162.401535
50 146.480927
51 156.576981
52 148.067490
53 157.295151
54 147.378586
55 157.189362
56 158.128159
57 145.184189
58 146.659836
59 152.032455
60 152.710587
61 142.376740
62 160.862900
63 146.945541
64 151.807251
65 149.240326
66 144.254318
67 156.792114
68 156.559280
69 153.860748
70 156.126862
71 148.993103
72 155.854248
73 149.672775
74 143.653748
75 150.880051
76 144.132095
77 146.648727
78 135.770950
79 143.963562
80 146.024063
81 131.052628
82 144.776718
83 168.118683
84 151.691269
85 153.369492
86 143.593719
87 146.607651
88 155.084488
89 143.932938
90 154.973892
91 143.135529
92 146.869904
93 158.473373
94 148.477982
95 149.785416
96 146.589508
97 160.182526
98 148.864380
99 139.705597
100 145.155609
101 162.556473
102 151.564163
103 158.644989
104 162.224716
105 152.766235
106 150.083282
107 150.798691
108 159.960541
109 148.985184
110 145.057709
111 150.094849
112 150.986099
113 154.364792
114 151.818405
115 148.274826
116 144.409225
117 140.337341
118 154.441818
119 157.377274
120 139.986725
121 147.115753
122 156.827240
123 152.484787
124 148.839584
125 144.878540
126 152.742065
127 148.176590
128 144.102936
129 166.159164
130 151.684387
131 144.668884
132 151.412506
133 151.415802
134 140.758652
135 150.592438
136 149.594376
137 146.481613
138 146.723740
139 148.748276
140 151.825714
141 156.254623
142 154.401428
143 139.619095
144 144.454590
145 153.729172
146 149.944992
147 152.941559
148 143.422699
149 153.732925
150 151.850647
151 147.435104
152 141.710785
153 140.769806
154 152.934525
155 153.488266
156 151.111603
157 153.787689
158 144.245956
159 148.339798
160 154.151093
161 138.646103
162 144.039703
163 147.878967
164 146.334503
165 151.905212
166 146.017380
167 154.535843
168 138.324432
169 155.139191
170 143.863663
171 152.289078
172 155.060410
173 147.312683
174 159.025650
175 151.393845
176 157.648758
177 138.796555
178 150.888611
179 144.260620
180 148.732285
181 148.010040
182 158.384979
183 148.904572
184 150.482483
185 148.230835
186 142.291870
187 148.408340
188 145.439972
189 155.448181
190 154.999619
191 151.791641
192 148.655029
193 151.880432
194 151.551926
195 142.672943
196 156.849228
197 155.026581
198 146.470291
199 149.709641
200 148.068481
201 146.587433
202 135.529343
203 154.764038
204 155.952011
205 135.121796
206 164.549164
207 152.389328
208 140.728424
209 152.335373
210 148.979645
211 155.930466
212 142.357574
213 148.449356
214 155.199463
215 151.488022
216 138.364212
217 144.445374
218 147.376343
219 146.872025
220 143.643921
221 159.430695
222 149.578613
223 139.370728
224 153.163345
225 154.432755
226 146.388092
227 151.377197
228 139.152740
229 140.285599
230 151.242386
231 149.346100
232 156.677628
233 142.561752
234 147.624115
235 148.502548
236 148.137238
237 144.182571
238 151.355881
239 147.363434
240 147.927689
241 144.366272
242 145.659409
243 159.016953
244 144.664383
245 153.520630
246 151.720551
247 153.501022
248 152.166412
249 146.745209
250 157.047577
251 151.718842
252 161.389297
253 151.877823
254 152.437119
255 152.626526
256 151.378586
257 149.388458
258 161.513107
259 155.197174
260 144.672867
261 163.398590
262 157.077789
263 150.159088
264 145.613831
265 151.391983
266 161.888306
267 152.028351
268 148.965897
269 143.061157
270 148.533203
271 132.956924
272 143.631424
273 157.562637
274 149.892242
275 156.971893
276 140.733276
277 141.381454
278 150.393951
279 144.454895
280 165.282013
281 166.570694
282 155.449127
283 146.116287
284 141.379379
285 159.749283
286 152.822205
287 146.170135
288 143.538391
289 145.038086
290 150.183441
291 153.394470
292 145.287827
293 158.399200
294 144.842255
295 148.643463
296 153.484482
297 148.290070
298 144.786255
299 152.717407
300 158.015198
301 156.017502
302 149.022202
303 160.951355
304 154.597488
305 143.341232
306 160.558701
307 149.430420
308 150.544266
309 163.481293
310 152.802902
311 151.942291
312 155.208572
313 154.677750
314 148.830093
315 152.314911
316 148.397247
317 146.876953
318 153.962967
319 146.143311
320 146.300217
321 149.854675
322 148.023773
323 150.976669
324 156.496048
325 151.859985
326 152.472046
327 152.947556
328 147.733871
329 152.765793
330 149.723511
331 157.223236
332 150.419983
333 151.920410
334 155.445175
335 156.112350
336 143.376663
337 152.322556
338 153.008774
339 150.851028
340 152.268036
341 154.334946
342 156.400055
343 152.482986
344 134.118225
345 140.390320
346 149.570755
347 150.663864
348 152.705109
349 158.762650
350 157.386826
351 155.367630
352 160.943604
353 144.385391
354 142.177612
355 147.140457
356 145.239716
357 145.850922
358 138.511261
359 144.002319
360 160.426666
361 159.655060
362 154.574646
363 141.082169
364 149.409866
365 164.284973
366 150.840897
367 146.522415
368 162.892670
369 145.404434
370 149.611420
371 142.054276
372 149.869812
373 155.487076
374 155.142700
375 147.696014
376 147.220093
377 155.593002
378 148.913208
379 148.615524
380 146.173065
381 146.882111
382 150.530472
383 147.574570
384 146.313675
385 150.781784
386 152.298111
387 151.916000
388 161.652191
389 153.725571
390 145.274567
391 139.869888
392 153.677032
393 145.584686
394 151.715454
395 146.315536
396 140.857956
397 144.105667
398 157.499176
399 161.333908
400 137.287628
401 138.513885
402 144.011536
403 148.202713
404 140.643463
405 156.414337
406 156.832352
407 149.147125
408 146.904419
409 150.722656
410 145.278473
411 141.233170
412 163.965591
413 157.451920
414 143.158524
415 157.843643
416 138.224838
417 150.097061
418 146.791306
419 153.049393
420 152.960037
421 136.055756
422 158.054916
423 136.527985
424 149.258743
425 152.852005
426 136.216187
427 155.634979
428 127.473511
429 156.477295
430 146.343521
431 148.335587
432 145.680969
433 155.989319
434 151.958252
435 158.792145
436 160.823227
437 155.776443
438 149.890335
439 142.571472
440 142.185501
441 147.037720
442 165.199921
443 151.047043
444 144.554092
445 153.442719
446 151.649704
447 139.804245
448 157.527451
449 138.865662
450 158.941299
451 148.063675
452 148.642319
453 142.828873
454 153.265045
455 153.496017
456 150.603622
457 141.513275
458 143.642715
459 138.455261
460 154.331329
461 148.494293
462 145.835464
463 149.398941
464 145.999176
465 150.170425
466 154.352615
467 140.429016
468 156.011124
469 158.665741
470 152.096283
471 146.178665
472 148.142624
473 153.377182
474 145.857300
475 143.518784
476 154.812317
477 146.250793
478 154.210114
479 146.638428
480 144.542755
481 152.800552
482 145.045837
483 147.684860
484 148.564957
485 151.845490
486 146.915359
487 156.985489
488 148.515854
489 142.476944
490 152.447281
491 150.258026
492 170.597214
493 154.626083
494 142.417496
495 151.378708
496 157.169388
497 143.420380
498 156.107986
499 151.620239
500 136.388153
501 143.594711
502 158.911392
503 147.098801
504 154.542542
505 148.115356
506 154.890076
507 140.002136
508 159.041107
509 157.272507
510 151.086319
511 146.512375
512 148.246109
513 148.844269
514 158.527771
515 144.999420
516 152.803238
517 148.706970
518 145.451447
519 149.461990
520 150.400192
521 153.798294
522 144.944168
523 145.717056
524 157.099426
525 156.619965
526 157.187485
527 146.442368
528 149.109665
529 146.331268
530 144.635544
531 138.855194
532 153.319183
533 148.856506
534 145.622879
535 155.304947
536 152.283340
537 153.736801
538 143.572006
539 153.862381
540 154.158936
541 156.507843
542 157.186813
543 146.527130
544 151.862091
545 148.093536
546 144.872986
547 155.598831
548 151.871414
549 147.604935
550 143.680496
551 138.316956
552 148.793289
553 140.692184
554 147.443268
555 151.158524
556 151.496185
557 149.613586
558 156.097122
559 154.712311
560 163.292206
561 153.680450
562 150.694473
563 155.705963
564 143.125763
565 137.775955
566 153.785934
567 152.315262
568 149.130753
569 146.963120
570 153.182098
571 152.642593
572 149.147461
573 148.151581
574 150.191391
575 156.930130
576 143.567459
577 141.222519
578 150.600601
579 157.163879
580 152.730133
581 156.759552
582 145.303497
583 154.898285
584 146.994003
585 153.073685
586 157.945480
587 156.368240
588 147.521652
589 147.401123
590 156.387466
591 157.235413
592 146.848038
593 151.772339
594 150.567535
595 147.189102
596 154.611816
597 148.919556
598 135.534515
599 153.602676
600 142.140137
601 139.903183
602 154.592865
603 151.965729
604 142.010254
605 152.446869
606 158.375000
607 145.640518
608 153.683960
609 145.505692
610 151.033203
611 151.717087
612 152.326279
613 140.966599
614 153.018127
615 146.602982
616 146.391541
617 158.051575
618 159.610992
619 142.398575
620 151.280640
621 155.406754
622 160.660446
623 143.515610
624 148.528168
625 150.862625
626 143.794296
627 151.767822
628 140.258057
629 155.482727
630 154.923187
631 153.470688
632 143.335464
633 149.169708
634 156.104782
635 158.212677
636 143.369217
637 145.928268
638 152.520630
639 144.000046
640 149.231293
641 148.686935
642 147.341751
643 153.933365
644 151.424927
645 147.096115
646 133.285721
647 149.261978
648 146.379303
649 156.886627
650 158.916504
651 168.466675
652 149.492142
653 150.528122
654 146.915222
655 153.127380
656 153.061447
657 140.828735
658 145.563599
659 145.692825
660 164.436737
661 135.846375
662 148.287704
663 154.159256
664 151.542313
665 144.697296
666 142.804657
667 148.625046
668 136.519760
669 151.850082
670 146.373352
671 151.257324
672 151.364212
673 146.871063
674 153.606445
675 152.192719
676 142.003082
677 145.406921
678 143.110687
679 154.790237
680 147.969421
681 155.655579
682 148.964462
683 148.276779
684 148.457245
685 149.337524
686 169.759872
687 145.951035
688 148.671234
689 148.073349
690 150.240982
691 140.703110
692 162.513748
693 147.616257
694 146.183746
695 156.413467
696 154.449448
697 153.177063
698 139.771057
699 146.565659
700 149.209579
701 148.211334
702 151.136261
703 156.091965
704 151.008286
705 145.306335
706 163.085175
707 155.275665
708 154.762634
709 153.685104
710 143.822632
711 140.186295
712 140.432892
713 140.318710
714 146.828400
715 147.241806
716 148.849365
717 157.550430
718 153.742325
719 152.044983
720 149.106216
721 150.564285
722 139.339798
723 156.906372
724 161.238174
725 149.557693
726 157.012344
727 153.341858
728 149.664337
729 156.830750
730 142.807816
731 157.393692
732 147.423035
733 152.429871
734 156.280655
735 140.562653
736 139.205338
737 149.053482
738 143.136444
739 169.580612
740 154.601944
741 154.810837
742 150.483490
743 151.417191
744 157.881790
745 162.098587
746 136.964386
747 142.870590
748 156.729568
749 152.420990
750 139.329071
751 144.968567
752 149.883286
753 145.004669
754 157.634277
755 150.124084
756 146.129501
757 141.437698
758 149.741409
759 163.007843
760 156.246490
761 150.342331
762 149.324753
763 149.820068
764 152.586029
765 153.623077
766 158.712845
767 154.847916
768 156.001465
769 150.235474
770 151.318878
771 145.087479
772 152.237946
773 147.482681
774 152.392532
775 146.982269
776 158.293274
777 145.345276
778 158.735428
779 150.706833
780 145.821777
781 141.136185
782 154.385071
783 141.288147
784 150.055130
785 159.289200
786 139.992676
787 156.574539
788 150.803406
789 157.555267
790 151.785400
791 158.326416
792 150.701096
793 149.078110
794 151.284439
795 143.334030
796 150.663040
797 147.916336
798 161.792801
799 157.602692
800 151.794205
801 154.500305
802 163.244675
803 146.995346
804 148.322235
805 151.253326
806 156.815659
807 146.235291
808 147.808548
809 139.391876
810 159.510315
811 144.553268
812 140.485992
813 142.959427
814 154.125824
815 161.697617
816 142.918808
817 151.370560
818 148.792297
819 146.156845
820 144.134750
821 144.390427
822 147.365387
823 145.697769
824 170.939987
825 150.036255
826 144.860321
827 161.013657
828 151.096085
829 151.343674
830 149.541626
831 147.907318
832 152.626694
833 150.062454
834 163.971802
835 146.977142
836 143.986618
837 153.230713
838 157.280869
839 155.520706
840 143.720154
841 143.206451
842 159.191589
843 150.871994
844 151.271774
845 150.227219
846 156.919632
847 143.155167
848 154.641159
849 147.324387
850 140.376572
851 137.570511
852 151.912720
853 149.779953
854 157.568695
855 146.788025
856 141.051086
857 152.995300
858 135.944656
859 149.355179
860 152.169495
861 152.994308
862 133.004959
863 157.196426
864 149.999634
865 144.873535
866 148.761353
867 145.119293
868 152.837524
869 154.274338
870 154.265381
871 153.619095
872 149.751770
873 149.699356
874 136.356705
875 148.436615
876 136.435623
877 145.402512
878 157.485184
879 153.813614
880 160.873672
881 154.743439
882 153.588501
883 159.423355
884 156.287781
885 143.610886
886 149.338608
887 146.792694
888 142.056839
889 148.598450
890 143.774475
891 158.827438
892 160.402267
893 143.316605
894 147.239380
895 144.915619
896 149.952774
897 141.535675
898 149.379913
899 137.480515
900 143.525818
901 160.659775
902 153.214218
903 150.165619
904 160.368805
905 152.111603
906 148.760529
907 144.209274
908 161.313522
909 143.183182
910 146.197647
911 145.170624
912 158.302979
913 159.935486
914 157.045746
915 149.024750
916 154.609314
917 144.510895
918 150.552002
919 152.725082
920 161.943481
921 148.688263
922 144.550140
923 140.075928
924 151.154068
925 154.575516
926 147.093933
927 141.783127
928 138.380356
929 145.967789
930 138.034088
931 147.791382
932 148.652527
933 149.351242
934 148.894287
935 150.598328
936 156.084610
937 148.026031
938 153.020020
939 149.173920
940 160.334366
941 147.939102
942 152.095169
943 145.853500
944 140.332184
945 154.995483
946 152.722946
947 135.474030
948 160.519089
949 147.833832
950 153.595581
951 139.445007
952 152.718796
953 147.221420
954 152.815292
955 141.858673
956 137.364883
957 141.646591
958 161.338287
959 142.366180
960 159.978882
961 141.231384
962 143.871201
963 151.770859
964 152.670456
965 142.752533
966 143.298599
967 161.657425
968 151.238968
969 147.476639
970 150.110138
971 146.369125
972 151.847946
973 146.636810
974 149.971863
975 132.358292
976 155.394989
977 142.610596
978 151.172134
979 154.050598
980 152.648514
981 156.702362
982 144.872467
983 146.495911
984 131.872559
985 156.673859
986 155.354401
987 153.966156
988 145.401871
989 160.340057
990 146.038620
991 153.082672
992 144.399719
993 153.552338
994 142.695831
995 145.713272
996 159.428284
997 139.771652
998 154.242172
999 152.645798
