0 5357.856445
1 8282.025391
2 4411.493652
3 3975.643311
4 6270.901855
5 3735.461182
6 4650.015137
7 6240.840332
8 5062.709961
9 7809.337891
10 4758.020996
11 2972.226318
12 4346.296387
13 5268.144531
14 4146.349609
15 4583.875000
16 2891.498779
17 7995.128418
18 3565.415283
19 6569.820801
20 2621.371826
21 4704.476074
22 3629.353760
23 2854.156250
24 3401.951172
25 6581.420898
26 4940.666016
27 4714.766602
28 4631.863770
29 5937.703125
30 4601.296387
31 4457.976074
32 4034.165527
33 3435.175049
34 6155.017578
35 3181.395264
36 2415.007568
37 5493.844727
38 2732.658936
39 2239.587158
40 5772.520508
41 4724.928711
42 3221.839600
43 2922.764160
44 2009.668091
45 5776.864746
46 5250.152832
47 3039.289551
48 5865.767578
49 5707.588379
50 3982.264648
51 3221.982910
52 2915.725342
53 6213.056641
54 5126.371582
55 3592.227539
56 6367.708008
57 3784.275146
58 7297.521973
59 5903.431641
60 4088.792969
61 4542.696289
62 5772.718750
63 4741.589844
64 4479.335938
65 2967.689209
66 2957.704102
67 4533.281738
68 7111.755371
69 5956.225586
70 3531.360352
71 2974.448242
72 5906.740234
73 5751.828125
74 2781.255127
75 5064.358887
76 10284.893555
77 3341.924072
78 3430.614014
79 2277.053955
80 5726.842285
81 6212.182129
82 9356.754883
83 4697.205566
84 4344.654297
85 4721.591309
86 1619.306030
87 3697.132568
88 6169.826172
89 4959.120117
90 6987.985352
91 2776.230957
92 6625.729980
93 4869.128418
94 3966.963867
95 2489.598145
96 4230.420410
97 3205.334229
98 3108.033447
99 2602.307617
100 3732.083008
101 4506.008301
102 6879.962402
103 5987.095215
104 2166.985352
105 5438.072754
106 2679.590088
107 2365.410156
108 6520.517578
109 6074.104980
110 6134.400391
111 7870.816406
112 6110.044922
113 4045.637207
114 4135.423340
115 3683.027100
116 3427.848877
117 2773.736572
118 3110.525146
119 3224.020264
120 7709.371582
121 4447.563477
122 3762.199707
123 2428.989746
124 7412.958496
125 1092.882080
126 6014.990234
127 4969.202637
128 3993.862305
129 3704.163818
130 6074.005859
131 5262.953613
132 4177.242676
133 5058.598145
134 5657.133789
135 6555.434570
136 5101.473633
137 2027.697021
138 2504.362061
139 3226.241211
140 4753.303711
141 2382.159912
142 4458.919434
143 6899.944336
144 6385.876953
145 4376.155273
146 6894.611816
147 5413.412598
148 2969.870117
149 4041.361816
150 6003.423340
151 2157.957520
152 3804.759766
153 3173.927734
154 3930.480713
155 5500.487305
156 4070.304932
157 2429.883301
158 5019.937988
159 6938.226074
160 3881.574219
161 5053.404785
162 4664.757324
163 5815.786621
164 4794.398438
165 2382.503174
166 4288.195312
167 6202.411133
168 3710.804932
169 3391.603516
170 8675.057617
171 2228.788330
172 4405.169922
173 6352.147949
174 4755.096680
175 4610.046875
176 7230.826172
177 4617.039062
178 2814.806641
179 7533.072266
180 7155.146484
181 4046.225586
182 5935.284668
183 4947.758789
184 4364.856445
185 7845.605957
186 7047.434082
187 5799.060547
188 5857.469727
189 3497.007568
190 3315.217041
191 3930.423096
192 2845.788818
193 5293.329590
194 4590.953125
195 1188.486938
196 5798.999023
197 2163.170654
198 5250.420898
199 3970.599365
200 3486.925293
201 4454.970703
202 5048.843262
203 4208.616211
204 4482.867188
205 4392.333496
206 4066.956055
207 5451.467285
208 3742.474609
209 7057.953613
210 1190.433105
211 3984.802002
212 4445.305664
213 2944.108643
214 5487.217285
215 3909.391113
216 7888.250488
217 2592.974365
218 3419.514648
219 5984.934082
220 2517.349365
221 3711.359375
222 4205.715332
223 4782.466797
224 5599.583496
225 3321.980225
226 3707.802002
227 4737.853516
228 4674.294922
229 7184.143555
230 7478.602539
231 4245.354980
232 7483.316895
233 4505.724121
234 7112.455566
235 2914.646973
236 7315.130859
237 3208.582520
238 3999.827148
239 5557.890137
240 2993.957031
241 2910.486572
242 5011.186523
243 5658.836914
244 2816.963623
245 1695.352905
246 3532.586182
247 6099.080566
248 5091.941895
249 5804.259766
250 4478.746094
251 8078.698242
252 3875.592041
253 12335.542969
254 2765.204102
255 4424.782715
256 6121.974121
257 5848.443848
258 4416.615723
259 4687.579102
260 3916.958252
261 1713.178955
262 5012.015625
263 3791.494629
264 6816.552246
265 3958.458496
266 3630.512695
267 2636.841064
268 2582.839355
269 7579.394043
270 3109.048340
271 5223.110840
272 4387.642090
273 3716.519531
274 4392.019043
275 5019.675293
276 5737.123047
277 6528.894043
278 4087.444336
279 8063.536133
280 4787.163574
281 5038.504883
282 5478.791504
283 4887.008789
284 1709.384521
285 4099.833984
286 4328.020020
287 2852.354248
288 3251.030273
289 4132.019531
290 4406.257812
291 4429.458984
292 3747.094238
293 4670.832520
294 3767.083008
295 6638.671387
296 3860.740967
297 5308.295410
298 4501.726074
299 4146.721191
300 6711.383789
301 3447.385986
302 2625.556152
303 2581.632568
304 3484.671631
305 6729.250488
306 5450.028320
307 5699.420410
308 7390.522949
309 2392.394043
310 2257.130371
311 4609.953125
312 4125.474609
313 4481.955078
314 1616.588745
315 5607.069824
316 4170.348145
317 6453.314941
318 4496.917480
319 7553.432617
320 6393.391602
321 3342.038818
322 2936.420410
323 4359.430664
324 4456.998047
325 2674.771484
326 3668.377930
327 5554.027344
328 2785.829102
329 6989.215820
330 2272.917236
331 4382.000000
332 4215.931641
333 3433.607666
334 6593.711426
335 5474.600098
336 7319.899414
337 6100.159668
338 5074.866211
339 2851.779541
340 5143.775391
341 3717.764160
342 5652.086914
343 4960.061523
344 6636.330566
345 5171.190430
346 5030.690430
347 4443.053711
348 3853.020752
349 4206.056152
350 2968.050049
351 7239.612305
352 3901.525146
353 5114.984375
354 4221.410645
355 4337.321777
356 8876.982422
357 3181.806396
358 4383.938965
359 5259.829102
360 5909.329590
361 3502.728271
362 5966.099121
363 4722.586426
364 3135.634521
365 7008.583496
366 4797.321289
367 4133.723145
368 3503.453857
369 1804.768433
370 2506.872314
371 4401.231445
372 6172.482422
373 5269.546875
374 3683.514404
375 6480.224121
376 3550.059814
377 5989.498047
378 4399.725586
379 4458.685547
380 5366.744629
381 3368.614990
382 3873.544678
383 4885.934082
384 4235.679688
385 2361.856934
386 3629.982178
387 3716.068359
388 1907.572632
389 5011.083008
390 3016.029297
391 4587.050781
392 7472.615234
393 4414.421387
394 4825.582031
395 6764.300781
396 4824.575195
397 4954.236816
398 3905.764648
399 5035.317383
400 5028.527344
401 4207.770996
402 2402.040283
403 3200.666992
404 4853.665527
405 4293.333984
406 3242.104004
407 3885.991211
408 3234.894531
409 5227.800293
410 6048.724609
411 4213.217773
412 5291.170898
413 2847.294189
414 4520.903809
415 2515.991211
416 4712.963379
417 3326.156250
418 3842.081299
419 6414.288574
420 6205.667480
421 4600.150391
422 2829.791016
423 4136.565430
424 3901.704834
425 5177.962891
426 3997.297607
427 5486.148926
428 2758.079834
429 5907.241699
430 3404.083252
431 3630.390137
432 4223.141602
433 2046.775024
434 3985.062988
435 2766.907471
436 3377.659912
437 4684.885254
438 3776.393555
439 2815.292725
440 3616.740479
441 4659.598145
442 3124.765625
443 2309.093750
444 2986.316162
445 3716.781494
446 6668.564941
447 4973.639160
448 3656.211182
449 3124.651611
450 3907.152832
451 4329.664062
452 2225.161621
453 3633.389648
454 3518.042969
455 3310.236328
456 6752.750488
457 4734.961426
458 1574.621216
459 7815.464355
460 4908.138184
461 4880.888184
462 3911.207520
463 3264.964600
464 2600.922607
465 3558.173340
466 4697.894043
467 3728.435547
468 6106.798828
469 7144.819824
470 2962.283691
471 2837.685547
472 6480.937012
473 4688.571289
474 5056.481445
475 2972.504150
476 5038.437012
477 5167.912598
478 3665.114014
479 8027.996582
480 5683.620605
481 2528.419922
482 3942.996826
483 2311.742188
484 2055.640137
485 2812.152832
486 3309.856201
487 3438.235352
488 2211.859863
489 3088.209473
490 8576.110352
491 5340.452637
492 3152.860352
493 4534.287598
494 3169.989014
495 5571.345703
496 5597.749023
497 4529.497070
498 3632.787354
499 4349.651855
500 4001.811279
501 4800.005371
502 3833.391846
503 4891.437988
504 4717.733398
505 1299.774780
506 5427.735840
507 8477.273438
508 3249.085938
509 4096.383301
510 2976.762451
511 4443.589844
512 5438.328613
513 2800.990479
514 3040.214355
515 8365.563477
516 6311.959961
517 3031.574219
518 6736.461914
519 7704.789062
520 4676.431152
521 3137.844482
522 2957.675781
523 4145.750977
524 4361.624023
525 3992.805664
526 3721.687012
527 7079.331543
528 4671.971680
529 7282.815918
530 5021.899902
531 5529.770996
532 6451.329102
533 4364.092773
534 1797.105225
535 4532.753906
536 5989.121094
537 3919.649902
538 2728.273682
539 2786.560791
540 5030.595703
541 3810.506104
542 4602.283691
543 5472.609375
544 4847.049316
545 2260.700439
546 5009.753418
547 5012.848633
548 6163.613281
549 5574.925781
550 3123.109131
551 2730.531250
552 5023.470703
553 4529.693359
554 3196.765381
555 5841.901367
556 5696.138672
557 8031.827637
558 3970.156494
559 2832.390625
560 7851.937500
561 3996.158691
562 3313.570068
563 3900.604004
564 5631.272461
565 4408.625488
566 4947.115723
567 2962.271729
568 3073.684570
569 2521.959961
570 6579.843262
571 6219.853027
572 4454.045410
573 4970.827148
574 6436.978027
575 4415.528809
576 2440.756348
577 4705.018555
578 1853.545166
579 5451.894043
580 3092.257080
581 3681.942139
582 5018.166504
583 6024.721680
584 4761.296875
585 3144.664062
586 3418.128662
587 6247.529297
588 5574.245117
589 2996.029541
590 2897.532715
591 4174.448242
592 3471.890625
593 4960.291016
594 3376.554443
595 3904.987793
596 3595.476562
597 3654.625000
598 2857.164307
599 6482.955078
600 4660.647949
601 6220.654297
602 4849.238770
603 3824.587891
604 2370.099365
605 4714.440918
606 3201.943604
607 2185.958740
608 5679.543945
609 3488.057129
610 5866.762207
611 4352.634766
612 4912.549805
613 1164.582153
614 3462.511963
615 4920.143555
616 4398.594238
617 5016.574219
618 4552.968262
619 4222.498047
620 5250.870605
621 4916.318848
622 4354.411621
623 2567.162354
624 7451.185547
625 3978.789795
626 2716.693604
627 6138.692871
628 4465.649902
629 2980.794922
630 3685.434326
631 3740.737549
632 5099.357422
633 4435.714355
634 3134.683350
635 2365.818604
636 6379.021484
637 4365.200684
638 6713.953125
639 4527.529297
640 3013.227295
641 5624.835938
642 6198.910645
643 5143.999512
644 3395.525635
645 4162.645996
646 4969.708984
647 7536.407227
648 5541.732910
649 2787.966309
650 4158.708984
651 3504.311768
652 1365.993042
653 6075.599121
654 1894.096436
655 4195.099609
656 5742.226562
657 4137.358398
658 6203.966309
659 3022.880371
660 2919.382080
661 6142.495605
662 4963.001953
663 4423.990234
664 3982.570557
665 3000.205566
666 3134.252197
667 4060.030029
668 3350.130371
669 6446.096680
670 3438.229492
671 2938.702148
672 3885.520020
673 4175.234375
674 5272.183594
675 5486.688965
676 3000.011230
677 3613.847412
678 5896.501465
679 5546.918945
680 1681.534546
681 3559.968018
682 4920.901367
683 5888.670898
684 5709.398926
685 1224.115601
686 1528.491943
687 5878.835938
688 4396.343262
689 6300.663086
690 6608.286621
691 5374.406250
692 2727.221924
693 3904.673828
694 4458.850098
695 2498.378906
696 5543.650879
697 3972.316895
698 4073.987793
699 6819.745605
700 3673.938965
701 2730.643555
702 2596.600830
703 3569.562012
704 3077.957031
705 7004.021973
706 3175.264404
707 4599.777832
708 2268.227295
709 6580.560059
710 2980.937988
711 3925.875244
712 3653.113525
713 3893.081299
714 4721.856445
715 2352.207764
716 5179.362793
717 3909.952881
718 4701.604004
719 8200.355469
720 4687.628906
721 5392.206543
722 4137.008789
723 2535.244385
724 5121.384766
725 2136.889160
726 4419.468750
727 3247.471191
728 3447.722168
729 4126.160645
730 3512.717041
731 4601.116211
732 4168.268066
733 4971.662598
734 3465.631836
735 5328.582520
736 4016.181641
737 6134.229492
738 3377.442627
739 3482.019043
740 3625.684326
741 4192.491211
742 2966.202393
743 4500.536621
744 5217.282227
745 2802.308105
746 6949.271484
747 6292.083984
748 3682.650146
749 4126.047852
750 3867.322998
751 6612.833496
752 4726.143066
753 3478.145264
754 2936.873047
755 4770.845703
756 5582.084961
757 7329.713867
758 6172.108398
759 4898.813477
760 2565.367188
761 3867.219482
762 6882.170410
763 2688.455078
764 3243.235840
765 4972.996582
766 6707.383789
767 6852.655762
768 3613.590820
769 7207.985840
770 4460.569824
771 3987.608398
772 2535.714111
773 4914.303223
774 3684.253418
775 5586.451172
776 5852.541016
777 3669.877686
778 2565.447754
779 6075.833008
780 7036.212891
781 3257.431641
782 5184.321777
783 3309.738525
784 4620.106445
785 4395.034668
786 6541.806152
787 4553.062012
788 1555.759399
789 7497.367676
790 3577.822754
791 4601.435547
792 3428.943604
793 2950.424805
794 2681.769043
795 2700.278076
796 5719.734863
797 5591.551270
798 3600.413818
799 5472.059082
800 2019.785034
801 4556.439453
802 3664.858643
803 3968.196533
804 4586.177734
805 4373.283691
806 9517.043945
807 3447.789062
808 6091.383789
809 2837.600586
810 6884.357910
811 3832.259521
812 5923.617676
813 5783.604004
814 2535.197754
815 3666.718994
816 6750.881836
817 3007.336182
818 3923.853027
819 4131.134277
820 5356.970215
821 2856.592773
822 5854.595215
823 3701.354248
824 4440.115723
825 8764.051758
826 3825.874023
827 4110.796875
828 5243.368164
829 7920.046387
830 2715.614502
831 4282.139648
832 5479.906738
833 2841.989990
834 5896.340332
835 4200.940918
836 3909.186523
837 5059.089844
838 5191.697754
839 4374.031738
840 1211.362549
841 3251.199219
842 3758.335449
843 3474.209961
844 9514.044922
845 3983.205322
846 3447.693115
847 2186.242920
848 4615.945312
849 3798.954102
850 3967.120361
851 4411.670410
852 4193.649902
853 2263.395752
854 4167.276855
855 3219.138428
856 4522.572754
857 1691.433350
858 3281.069092
859 2575.349365
860 9224.879883
861 3930.935303
862 4486.263184
863 4233.914062
864 2513.452393
865 3918.577881
866 5768.563965
867 3702.334473
868 5993.892090
869 5040.869141
870 4200.401367
871 3235.254395
872 3249.414307
873 4656.422852
874 7104.958008
875 3104.239258
876 4316.410156
877 5222.219727
878 3772.479004
879 3779.978516
880 4894.623047
881 4116.817383
882 5475.796875
883 3062.459229
884 2965.630127
885 3706.872314
886 4420.452637
887 6604.624512
888 3374.157227
889 4742.496094
890 3233.860840
891 3425.828125
892 6439.376953
893 6431.430176
894 2559.188965
895 3003.567139
896 3773.922363
897 4367.644531
898 3248.370117
899 6734.268066
900 3132.864746
901 4445.557617
902 4441.855469
903 3913.715088
904 2616.562256
905 2223.496338
906 4256.685059
907 3009.563721
908 2979.891602
909 5051.992676
910 4757.143066
911 4235.362793
912 4945.210449
913 3706.018799
914 4427.583496
915 2752.467529
916 3144.044189
917 7033.069824
918 2790.701416
919 2031.494507
920 4303.434570
921 3294.193359
922 5730.952148
923 3821.371094
924 3380.900635
925 4241.456055
926 3611.742920
927 2779.505371
928 4878.628906
929 6567.952637
930 4536.820801
931 5951.283691
932 2684.161621
933 5356.146973
934 7421.024902
935 4313.414551
936 4740.562988
937 3250.413818
938 6753.062012
939 2367.608154
940 5955.000000
941 3051.000244
942 3663.178467
943 5242.810547
944 6497.451660
945 3462.575684
946 7437.847656
947 5265.804688
948 3999.497803
949 3438.529053
950 5449.057129
951 4003.169678
952 3982.561035
953 4426.387695
954 2822.708984
955 5439.666504
956 4737.455566
957 3036.215576
958 6150.476074
959 2961.858887
960 5295.490723
961 3618.304443
962 5857.592773
963 6795.158691
964 3432.935303
965 4512.045410
966 3153.723389
967 5316.338379
968 1654.734009
969 3224.461182
970 3891.375488
971 3530.462646
972 5725.657227
973 4454.582520
974 5600.122070
975 4426.904785
976 5482.021484
977 3849.286377
978 5193.635254
979 5070.572754
980 3407.466797
981 3919.732666
982 3192.119873
983 4371.610840
984 6572.712891
985 2817.739746
986 3912.157471
987 3880.762207
988 3153.116943
989 7554.050781
990 3648.368652
991 3720.258057
992 3685.197998
993 2606.002686
994 7811.055664
995 3152.154785
996 4805.211426
997 4223.437988
998 4369.803223
999 6070.857422
1000 2623.602051
1001 10279.710938
1002 8215.070312
1003 6801.183105
1004 1500.499268
1005 6152.135254
1006 5376.729492
1007 3169.766846
1008 4278.416504
1009 6174.974609
1010 4142.333496
1011 5063.185059
1012 4541.556152
1013 4946.616211
1014 4002.732178
1015 6060.544922
1016 3427.785400
1017 5484.979492
1018 4085.260010
1019 4304.330078
1020 8888.775391
1021 2783.822510
1022 3793.539795
1023 4727.604492
1024 3342.318359
1025 4523.695312
1026 1806.963501
1027 3959.384766
1028 4375.657715
1029 7331.245117
1030 4977.940430
1031 3080.975830
1032 5199.773438
1033 6584.711426
1034 5160.776855
1035 2286.424561
1036 3563.086426
1037 4412.358398
1038 4547.958008
1039 3178.727539
1040 3009.937012
1041 3927.832031
1042 2187.913330
1043 5142.013184
1044 1947.897095
1045 3950.866211
1046 6227.919922
1047 5909.501953
1048 4673.487305
1049 8531.484375
1050 4266.407227
1051 3934.293457
1052 4132.142578
1053 5922.597656
1054 2838.129883
1055 3655.363037
1056 3228.598633
1057 5773.529785
1058 6177.988281
1059 4499.960449
1060 5768.911133
1061 5500.673828
1062 5847.646484
1063 2037.289917
1064 4644.265137
1065 3335.151123
1066 3939.588623
1067 1971.387451
1068 3217.528076
1069 4599.107910
1070 5875.417480
1071 4052.750488
1072 5115.829590
1073 2704.424316
1074 2383.652832
1075 5815.230957
1076 9746.675781
1077 3528.178467
1078 4712.764160
1079 3571.353760
1080 5973.569336
1081 2713.805176
1082 3384.262939
1083 3596.468994
1084 3688.303711
1085 7968.743164
1086 4280.917480
1087 3321.824707
1088 6717.363281
1089 6131.863281
1090 5226.792480
1091 1663.295532
1092 3095.377441
1093 4983.459473
1094 5232.169922
1095 3164.732422
1096 4717.152344
1097 5297.654297
1098 4039.470703
1099 6884.818848
1100 2284.892578
1101 2825.704834
1102 4201.079590
1103 2612.459961
1104 6830.394043
1105 4594.603027
1106 3290.721680
1107 3798.447510
1108 4896.535645
1109 7039.522461
1110 4172.959473
1111 3652.515137
1112 2495.375488
1113 4101.556152
1114 5920.267090
1115 7446.186035
1116 5087.159668
1117 4973.638672
1118 2170.577881
1119 4601.582031
1120 3027.865234
1121 5565.064453
1122 3432.599365
1123 6026.205078
1124 5671.451660
1125 6640.254395
1126 3932.263916
1127 3232.225098
1128 3454.652344
1129 3718.015869
1130 2409.976807
1131 5025.091797
1132 7786.106934
1133 3996.242676
1134 7088.322754
1135 4065.962891
1136 4729.250000
1137 3652.968506
1138 3777.937988
1139 2776.403809
1140 4620.575195
1141 2722.751709
1142 2762.541504
1143 2042.808594
1144 2593.124512
1145 4607.691406
1146 6017.667969
1147 8779.360352
1148 5698.154297
1149 2370.084473
1150 4591.542969
1151 2164.283447
1152 2319.304932
1153 2754.569336
1154 3982.695312
1155 6907.643555
1156 5533.363281
1157 3413.716553
1158 5783.772461
1159 7621.187500
1160 5573.364746
1161 4974.580566
1162 4865.756836
1163 7912.930176
1164 6445.806152
1165 4222.946289
1166 6521.402344
1167 1761.355835
1168 5179.203613
1169 6388.002930
1170 4107.976562
1171 6946.655762
1172 4157.832031
1173 6273.073730
1174 4515.278809
1175 5537.459473
1176 5481.503418
1177 4672.595215
1178 2806.291748
1179 5252.789551
1180 4209.961426
1181 2004.967163
1182 4979.326172
1183 4002.361084
1184 5777.179199
1185 5523.668457
1186 4347.420898
1187 4763.302246
1188 3509.083252
1189 5115.874512
1190 6512.743164
1191 2633.094238
1192 3405.703857
1193 5969.619629
1194 3937.630615
1195 5135.398438
1196 3119.907959
1197 5218.040527
1198 4495.716309
1199 5451.017090
1200 7142.973145
1201 4810.337891
1202 2015.679565
1203 3929.734863
1204 7504.171875
1205 6887.580078
1206 6443.185059
1207 2565.372559
1208 2604.486572
1209 4066.456543
1210 5259.003418
1211 5706.912109
1212 6251.061035
1213 4151.626953
1214 2542.965332
1215 5854.443359
1216 3298.025391
1217 1785.300659
1218 4364.095703
1219 7416.609863
1220 3474.989746
1221 4300.656738
1222 3385.776123
1223 8208.895508
1224 4018.532471
1225 4161.016113
1226 8081.103516
1227 4046.986328
1228 3542.781494
1229 6882.768066
1230 7064.871094
1231 5291.611816
1232 5673.029785
1233 4797.971191
1234 4457.962402
1235 5624.099609
1236 5567.201172
1237 2215.961182
1238 3640.002441
1239 7288.821777
1240 4879.499023
1241 4782.516602
1242 2331.979492
1243 2926.756836
1244 4417.493652
1245 2343.813721
1246 5921.499023
1247 4144.403809
1248 4193.798828
1249 3976.595459
1250 5793.553711
1251 5905.924316
1252 4446.588379
1253 3279.614990
1254 4495.124023
1255 2763.716797
1256 4784.917480
1257 4506.312988
1258 6325.203613
1259 4437.486328
1260 5613.794434
1261 6104.758301
1262 7075.988770
1263 4918.361328
1264 4466.959961
1265 3181.721191
1266 6355.199219
1267 2626.745117
1268 3855.182373
1269 5336.062012
1270 3334.593750
1271 4459.320801
1272 4713.418945
1273 4154.261230
1274 3707.043213
1275 3801.482178
1276 6199.605957
1277 3480.843994
1278 8316.407227
1279 2756.868652
1280 7585.659668
1281 5899.323242
1282 4548.779297
1283 3147.533447
1284 4490.232910
1285 5993.712402
1286 3660.702881
1287 7256.366699
1288 6107.730469
1289 5485.914062
1290 2735.420898
1291 3587.721436
1292 2168.431641
1293 5273.575684
1294 5289.058594
1295 4880.498047
1296 6212.948242
1297 3465.016602
1298 5947.846191
1299 3978.090332
1300 3244.637695
1301 2897.283936
1302 3477.067139
1303 8032.455078
1304 5787.534668
1305 6947.081543
1306 4354.453125
1307 3324.025146
1308 7393.531250
1309 3376.197998
1310 5033.648926
1311 7207.169434
1312 6871.860840
1313 2127.020752
1314 5701.601074
1315 3373.573975
1316 4203.305664
1317 4702.554688
1318 4701.983887
1319 2864.015625
1320 6356.620605
1321 1593.615967
1322 4822.124023
1323 4865.385254
1324 3606.722168
1325 4746.486328
1326 3744.371094
1327 4593.037109
1328 5476.556641
1329 2666.927490
1330 7985.338379
1331 5390.404297
1332 7781.738770
1333 3637.112305
1334 5735.128418
1335 4667.449219
1336 4891.118652
1337 3735.742920
1338 5570.799316
1339 4249.404785
1340 5985.299805
1341 4465.743164
1342 1993.204224
1343 4963.670898
1344 5487.170410
1345 3682.046143
1346 4691.436035
1347 3921.854248
1348 3887.261719
1349 3977.790771
1350 4735.550781
1351 3452.934570
1352 6117.444336
1353 4779.294434
1354 2759.186035
1355 3765.824951
1356 3890.415283
1357 2355.127441
1358 4285.997559
1359 7664.000000
1360 3476.185059
1361 7209.895020
1362 3331.627930
1363 3398.968506
1364 3318.841309
1365 3815.702637
1366 2137.176025
1367 3990.033691
1368 2547.120361
1369 4464.803223
1370 6806.406250
1371 3214.188965
1372 3616.987061
1373 5259.743652
1374 4522.069336
1375 2932.483887
1376 5376.459473
1377 4473.570801
1378 5059.174805
1379 4245.789551
1380 4636.499023
1381 5221.904785
1382 2781.284180
1383 2614.977051
1384 4811.805664
1385 4227.896973
1386 6679.866211
1387 6898.594238
1388 1980.782593
1389 2991.559570
1390 4942.503906
1391 5846.464844
1392 3814.022705
1393 4017.232178
1394 3440.510010
1395 4768.601562
1396 3938.602295
1397 4964.190918
1398 5883.808594
1399 7435.108398
1400 3295.502197
1401 3604.943848
1402 7720.125977
1403 4060.954346
1404 2838.257080
1405 5866.422852
1406 3445.081787
1407 5180.033691
1408 5522.411621
1409 4056.287598
1410 4651.953125
1411 3508.863037
1412 5612.628906
1413 3817.163574
1414 3243.424316
1415 6215.276367
1416 3669.913330
1417 5757.333496
1418 2791.480469
1419 1880.313965
1420 6217.482422
1421 6354.460449
1422 2836.634766
1423 6699.986816
1424 3145.987793
1425 6817.267578
1426 6386.141602
1427 4766.168945
1428 3792.105225
1429 3639.989502
1430 7008.156738
1431 4410.122559
1432 5207.949219
1433 3481.533447
1434 4575.063965
1435 4359.354492
1436 2787.371826
1437 5661.851562
1438 3228.577881
1439 6063.961426
1440 6038.356934
1441 3869.409668
1442 3419.167480
1443 7707.933105
1444 6052.895508
1445 5785.280762
1446 3885.958252
1447 5225.296875
1448 5234.074707
1449 4424.114746
1450 5377.313477
1451 4208.543945
1452 4470.667480
1453 1530.777222
1454 7990.433105
1455 4434.990723
1456 5483.757812
1457 4824.557129
1458 3249.250244
1459 4254.537109
1460 4507.917480
1461 5527.625000
1462 3423.794434
1463 4918.067383
1464 3407.324219
1465 3519.457520
1466 7325.726074
1467 2765.990723
1468 3176.754150
1469 4638.341309
1470 7298.818359
1471 3000.168213
1472 9062.569336
1473 5203.181152
1474 2614.182617
1475 2981.966309
1476 7543.290039
1477 4371.493164
1478 2933.366455
1479 3849.582520
1480 2609.626709
1481 3679.161133
1482 4613.382324
1483 2711.696777
1484 4470.461914
1485 8193.391602
1486 3900.212646
1487 4216.375977
1488 3786.870605
1489 4100.544922
1490 3920.307373
1491 6831.988770
1492 3916.389160
1493 4333.271973
1494 1660.895020
1495 4423.579590
1496 4574.899414
1497 5048.328125
1498 4282.598145
1499 3316.091553
1500 2671.025635
1501 5113.394043
1502 7278.813965
1503 3902.610107
1504 4412.286621
1505 3045.404785
1506 4370.965820
1507 4443.124023
1508 3858.379150
1509 4927.419922
1510 3167.536133
1511 2771.749023
1512 4752.400391
1513 5052.497559
1514 5722.041504
1515 3875.684570
1516 4894.107422
1517 7505.586914
1518 4263.878906
1519 5608.269043
1520 5779.831055
1521 3708.809326
1522 3182.688477
1523 6885.506836
1524 5960.556152
1525 3606.445801
1526 3840.696045
1527 5070.839844
1528 1548.168579
1529 2056.181152
1530 2259.725342
1531 6956.645508
1532 4635.346191
1533 4562.526367
1534 4427.923340
1535 3518.671875
1536 6538.033691
1537 2730.920898
1538 4759.688477
1539 6230.966309
1540 4351.004883
1541 2369.467041
1542 3299.395264
1543 5484.480957
1544 7837.035645
1545 6006.446777
1546 5573.232910
1547 4271.226562
1548 4696.133789
1549 1832.615601
1550 2999.349609
1551 2794.366211
1552 4727.669434
1553 2979.206055
1554 3137.662354
1555 2560.831299
1556 4028.345459
1557 4446.552246
1558 6786.293945
1559 4162.996094
1560 7718.230957
1561 5298.876953
1562 3875.256592
1563 2655.297363
1564 5171.484375
1565 5267.343262
1566 3589.998291
1567 4417.215820
1568 5981.378906
1569 1838.885742
1570 3549.559082
1571 2789.487549
1572 3619.084229
1573 5217.923828
1574 2954.559814
1575 2967.398438
1576 5750.800293
1577 4038.357422
1578 4458.684570
1579 3670.425049
1580 3924.296143
1581 4878.936035
1582 3171.658936
1583 6826.584961
1584 4138.972656
1585 1689.092163
1586 3248.764404
1587 4099.822266
1588 6225.453125
1589 4923.843262
1590 2527.697510
1591 3926.561279
1592 4546.350586
1593 5716.952148
1594 6168.533203
1595 7011.372559
1596 12562.037109
1597 3927.018799
1598 4251.616699
1599 3243.756348
1600 2800.589111
1601 5402.744629
1602 2702.196533
1603 2162.332031
1604 4079.217285
1605 4119.617676
1606 2745.619629
1607 5445.960938
1608 3556.196533
1609 5269.781738
1610 1999.493774
1611 3338.501465
1612 5555.600586
1613 3158.320068
1614 4700.371094
1615 4780.149414
1616 5571.939453
1617 4742.197266
1618 2747.762207
1619 2520.786865
1620 3732.683105
1621 5561.704590
1622 4955.140137
1623 2596.544434
1624 5152.265625
1625 3498.815918
1626 2605.466064
1627 5950.909668
1628 4981.491699
1629 3739.888184
1630 3645.838135
1631 2837.724365
1632 6553.428223
1633 4022.934082
1634 3144.502441
1635 3777.885254
1636 5260.444824
1637 5971.398438
1638 5183.253418
1639 5776.118164
1640 4881.029297
1641 7412.323730
1642 3785.118408
1643 3804.962158
1644 7663.714355
1645 3640.707520
1646 3276.297607
1647 4404.154297
1648 2391.327881
1649 3821.683838
1650 4808.033691
1651 2401.316650
1652 3925.566162
1653 4996.824219
1654 4225.902832
1655 3926.528076
1656 4308.992188
1657 4134.733398
1658 5264.128418
1659 1926.623779
1660 4094.589600
1661 2020.791870
1662 5619.419434
1663 4415.771973
1664 5130.550293
1665 2469.151855
1666 3999.557373
1667 4157.830078
1668 2076.727539
1669 5297.970703
1670 3153.235840
1671 2247.212646
1672 5821.205566
1673 2217.261719
1674 3888.515381
1675 7993.249512
1676 4133.320801
1677 3858.188721
1678 2193.449951
1679 3512.521240
1680 2768.525391
1681 2765.550537
1682 2516.273438
1683 2744.831787
1684 4463.863281
1685 1957.237305
1686 6735.463867
1687 6392.469238
1688 2368.766602
1689 4692.783203
1690 3289.143066
1691 3890.258789
1692 2852.646729
1693 5159.638672
1694 4433.310547
1695 5797.105469
1696 4457.662109
1697 4939.505371
1698 5398.528809
1699 2903.709229
1700 7323.737305
1701 3711.428467
1702 4821.040527
1703 2581.093506
1704 3195.922852
1705 3854.255127
1706 2927.871826
1707 3754.367920
1708 3504.535400
1709 4149.345215
1710 3548.149658
1711 6522.266602
1712 4185.474121
1713 2941.698975
1714 5924.618652
1715 4065.579102
1716 4670.117188
1717 4415.204590
1718 3825.700439
1719 4791.770508
1720 3176.964844
1721 4482.356934
1722 3685.792236
1723 4681.750000
1724 5520.889648
1725 6030.979004
1726 4493.848145
1727 3183.368408
1728 5574.183594
1729 5626.162109
1730 2664.376221
1731 4720.523438
1732 7554.716309
1733 2904.854492
1734 3245.549561
1735 5236.320312
1736 2817.010986
1737 5057.701660
1738 3125.320068
1739 2504.543701
1740 5521.266113
1741 4087.470703
1742 2357.066895
1743 7068.086426
1744 3163.844238
1745 3229.738037
1746 3406.608887
1747 4385.371582
1748 2816.869141
1749 4254.202637
1750 1958.822998
1751 5447.750000
1752 2906.675293
1753 3747.825928
1754 4083.644531
1755 1693.754639
1756 2794.991943
1757 4412.912598
1758 2051.716309
1759 2945.949951
1760 6926.684570
1761 5087.118164
1762 8404.742188
1763 5594.999023
1764 3154.617432
1765 4418.640625
1766 7823.344238
1767 4833.658203
1768 5728.746582
1769 3650.022949
1770 3066.529541
1771 6840.887695
1772 1565.830566
1773 4683.252930
1774 3010.594482
1775 5178.603027
1776 3991.567871
1777 2735.997070
1778 4396.906738
1779 6113.926270
1780 3793.762451
1781 3160.100586
1782 5278.659668
1783 3780.857666
1784 4119.610840
1785 6142.329102
1786 2245.734375
1787 3078.240967
1788 7189.224121
1789 4954.963379
1790 2974.737793
1791 5448.417480
1792 2564.339600
1793 6135.639648
1794 6438.141602
1795 3133.396973
1796 3533.795654
1797 6212.597168
1798 4287.573242
1799 7038.131348
1800 5537.464355
1801 3264.563721
1802 6546.991699
1803 8445.731445
1804 4445.121094
1805 3284.243164
1806 2764.668457
1807 5849.031738
1808 3973.645752
1809 4295.213867
1810 3416.010010
1811 5496.550781
1812 4609.342773
1813 6466.219727
1814 5104.828613
1815 4328.665527
1816 5237.054199
1817 9188.587891
1818 2796.556152
1819 3603.976807
1820 2908.644287
1821 5579.143555
1822 4115.438477
1823 5779.200195
1824 3965.548584
1825 4434.833496
1826 5308.108887
1827 3056.298584
1828 5058.403320
1829 1358.615845
1830 3333.976807
1831 4892.646484
1832 7608.537109
1833 4744.057129
1834 6230.342285
1835 2029.667236
1836 5116.972656
1837 2722.441895
1838 5535.421875
1839 2905.566650
1840 5199.685059
1841 5478.503418
1842 5375.709473
1843 7656.258789
1844 6427.869629
1845 7139.357422
1846 2406.020264
1847 4770.956055
1848 3841.935547
1849 3219.595459
1850 3902.390381
1851 6884.199707
1852 5260.744141
1853 4469.964844
1854 7458.677246
1855 1479.528564
1856 6026.188965
1857 5258.377441
1858 6033.913574
1859 3278.835449
1860 2832.263672
1861 3922.334229
1862 3379.227783
1863 3123.813965
1864 4877.113770
1865 3206.765137
1866 2302.451904
1867 6241.801758
1868 3440.002197
1869 2391.338867
1870 3385.027588
1871 4141.818848
1872 5074.321289
1873 3198.230469
1874 5743.842773
1875 5617.418945
1876 2532.713623
1877 3843.529297
1878 4286.306152
1879 4828.097168
1880 3688.871582
1881 2768.896484
1882 4914.934082
1883 4952.304688
1884 6083.522461
1885 4431.140625
1886 4124.938477
1887 4637.543945
1888 4445.675293
1889 5267.611816
1890 4159.193359
1891 7093.989746
1892 5402.771973
1893 3274.433350
1894 5334.428711
1895 5082.097656
1896 6095.259277
1897 5512.591797
1898 2720.558105
1899 5654.254883
1900 4424.085938
1901 4231.295410
1902 6961.692871
1903 6041.941895
1904 5609.188965
1905 3969.001221
1906 5284.001465
1907 3670.787354
1908 3911.247803
1909 8551.300781
1910 4942.749512
1911 6172.941406
1912 4291.909668
1913 4057.755127
1914 6398.416016
1915 3731.552490
1916 5038.603516
1917 6125.142578
1918 8417.644531
1919 4472.866211
1920 5070.651367
1921 6580.365723
1922 5081.843262
1923 4234.033203
1924 3715.532959
1925 4213.986328
1926 3569.480225
1927 3106.972656
1928 7320.893066
1929 3082.191895
1930 3019.469971
1931 6567.773926
1932 4698.748535
1933 7365.472168
1934 7278.630371
1935 4348.468750
1936 3802.532959
1937 3547.520508
1938 2777.256104
1939 4385.605469
1940 8531.337891
1941 3352.919434
1942 6624.981445
1943 5702.425293
1944 2599.797363
1945 4225.676758
1946 4029.462158
1947 4385.433105
1948 4075.065674
1949 1969.182983
1950 3510.803223
1951 5599.655762
1952 4743.779297
1953 7961.945312
1954 2835.621582
1955 3051.506592
1956 2986.536133
1957 3911.317383
1958 2806.011230
1959 4203.954102
1960 6202.800293
1961 3166.832275
1962 3453.849365
1963 3871.581299
1964 6898.099121
1965 3077.477295
1966 2940.270996
1967 4305.602539
1968 3031.468506
1969 3261.572021
1970 5097.301270
1971 5315.316406
1972 5233.664551
1973 4456.070801
1974 2784.243408
1975 4190.562012
1976 4750.846680
1977 3061.682617
1978 3407.186279
1979 2772.376465
1980 4667.709961
1981 4300.073730
1982 4692.895020
1983 4495.876953
1984 3674.596436
1985 3817.285889
1986 7971.093750
1987 2751.814209
1988 5722.666016
1989 2781.862549
1990 4857.769531
1991 3462.819580
1992 4496.828125
1993 4511.291504
1994 5602.072266
1995 4141.235840
1996 2580.750000
1997 5984.086426
1998 6104.435059
1999 3624.543701
2000 3329.904297
2001 3693.656738
2002 6857.736328
2003 1728.335327
2004 3303.601562
2005 6112.172852
2006 3183.521729
2007 2788.360840
2008 4356.144531
2009 6212.891602
2010 3259.419922
2011 4741.919434
2012 3663.309570
2013 2367.413086
2014 6518.688477
2015 6068.152832
2016 3057.867920
2017 3096.208984
2018 4366.287109
2019 3676.634033
2020 6000.954102
2021 6557.136719
2022 6663.340820
2023 6730.327637
2024 2396.847412
2025 3730.931152
2026 3808.865967
2027 3693.953369
2028 6521.208008
2029 4654.052734
2030 3672.868408
2031 4488.042480
2032 4993.142578
2033 5121.011230
2034 2701.794434
2035 4027.440674
2036 5722.242676
2037 6242.053711
2038 3636.385498
2039 6840.214355
2040 5990.540039
2041 2903.292969
2042 2984.321533
2043 4235.252930
2044 7714.767090
2045 3468.208008
2046 7329.366699
2047 4493.352051
2048 5005.823242
2049 2804.404053
2050 4516.635742
2051 3331.981201
2052 2170.648926
2053 4324.588867
2054 3261.031738
2055 5323.614258
2056 5388.800781
2057 4340.750488
2058 3996.869385
2059 3018.490234
2060 3380.147949
2061 5220.426270
2062 1864.432373
2063 3825.587646
2064 3499.206299
2065 6674.421875
2066 4577.556152
2067 6218.118652
2068 4037.740723
2069 3958.101807
2070 2958.573486
2071 4221.006348
2072 4182.278320
2073 7108.651855
2074 3932.051514
2075 3585.349365
2076 3234.218262
2077 6055.414551
2078 3269.783691
2079 5153.491699
2080 2412.549072
2081 9154.942383
2082 4417.899414
2083 1961.612793
2084 5300.327148
2085 10866.797852
2086 3466.339844
2087 3925.611328
2088 5105.045410
2089 2448.129883
2090 3436.141357
2091 4968.429688
2092 6734.172363
2093 5892.154297
2094 4888.718750
2095 4656.573242
2096 5547.948242
2097 4431.018066
2098 4923.691406
2099 5376.348145
2100 4974.003418
2101 2250.386719
2102 5083.025879
2103 4658.248535
2104 2593.444092
2105 6825.093750
2106 2523.306396
2107 2549.270752
2108 2583.731689
2109 2599.040039
2110 4185.337891
2111 2449.095459
2112 4392.237793
2113 4472.447266
2114 3105.408691
2115 2959.907959
2116 5438.495605
2117 2288.258057
2118 7462.365723
2119 2689.191406
2120 4664.189453
2121 4170.589844
2122 6856.575195
2123 3810.469238
2124 6761.919922
2125 2522.908936
2126 1856.561279
2127 5253.996094
2128 5795.397949
2129 4609.040039
2130 4696.122070
2131 4900.833496
2132 4252.230469
2133 4607.298340
2134 2131.481445
2135 3089.403809
2136 6059.721680
2137 4987.412109
2138 4701.852051
2139 6326.253906
2140 4142.789551
2141 2574.537842
2142 3044.437256
2143 4650.298340
2144 5904.892090
2145 4874.469727
2146 2855.371582
2147 2797.003662
2148 3986.493896
2149 4438.647461
2150 3644.899658
2151 4738.279785
2152 2326.078125
2153 4393.994141
2154 4964.866211
2155 4112.117676
2156 2752.138916
2157 5776.949707
2158 4699.306641
2159 1496.352539
2160 4106.035645
2161 5364.865723
2162 4643.163086
2163 2809.414062
2164 3454.305664
2165 5423.045410
2166 2779.247070
2167 4558.880371
2168 3213.792480
2169 4395.487305
2170 4257.278320
2171 6011.117676
2172 3487.041504
2173 6855.811035
2174 7102.511230
2175 4715.518555
2176 7934.112793
2177 3360.480713
2178 7358.075195
2179 5756.748047
2180 5537.141113
2181 4894.376953
2182 2776.696533
2183 3727.746094
2184 4991.750000
2185 4152.901367
2186 2268.514160
2187 2845.613281
2188 4960.449707
2189 6130.462891
2190 3480.035156
2191 4423.102539
2192 6702.690918
2193 4819.553223
2194 5232.394531
2195 4253.202637
2196 5876.239258
2197 4126.217773
2198 4303.947266
2199 5151.210938
2200 2819.207520
2201 4447.439453
2202 4651.589844
2203 6691.179199
2204 7688.166992
2205 4723.310547
2206 4184.256348
2207 2975.041260
2208 4389.611328
2209 5705.526367
2210 6161.023438
2211 6379.789062
2212 2905.822998
2213 4521.556641
2214 4845.149902
2215 7088.384766
2216 5074.278320
2217 3957.160889
2218 2625.419922
2219 4134.489258
2220 5586.401367
2221 6816.498535
2222 4243.328613
2223 5425.309570
2224 4449.872559
2225 2747.485596
2226 5218.595215
2227 3497.996338
2228 3968.610107
2229 3126.721680
2230 5755.187500
2231 5483.764160
2232 3553.935059
2233 5400.715332
2234 3427.214355
2235 4348.807129
2236 2449.040283
2237 4338.391113
2238 4456.717285
2239 5064.064941
2240 4891.912598
2241 3741.925781
2242 10178.238281
2243 2864.998291
2244 6504.854492
2245 4084.234863
2246 4353.394043
2247 4680.977051
2248 4615.902344
2249 6378.302734
2250 2994.979736
2251 2448.071533
2252 3657.558594
2253 5550.882812
2254 4276.095215
2255 5215.770996
2256 4114.607910
2257 6613.367188
2258 4337.253906
2259 4747.277344
2260 3926.244629
2261 4148.908203
2262 3536.745605
2263 4414.618164
2264 4847.766113
2265 8776.646484
2266 5512.264160
2267 3747.747803
2268 5409.176758
2269 4707.070312
2270 3666.983398
2271 4244.309570
2272 4708.940918
2273 4870.666504
2274 6080.539062
2275 6597.433105
2276 3280.480469
2277 3669.004883
2278 3512.696045
2279 4692.601562
2280 5776.053223
2281 4665.050293
2282 3271.764404
2283 4001.109131
2284 5573.951660
2285 5682.068359
2286 5099.193848
2287 6758.980469
2288 4177.409668
2289 4848.190918
2290 2980.549072
2291 4672.593750
2292 7231.230469
2293 4226.284668
2294 4743.763184
2295 7508.498047
2296 5270.263672
2297 5031.150879
2298 5193.735840
2299 4968.171387
2300 4552.585938
2301 3460.113525
2302 2903.375244
2303 4040.238037
2304 3662.780762
2305 2979.264893
2306 6980.298340
2307 2877.275879
2308 3233.214355
2309 4027.628174
2310 5239.312988
2311 3820.856934
2312 5367.227051
2313 3377.052734
2314 4325.934570
2315 5634.773926
2316 4806.638184
2317 5492.559082
2318 2837.111084
2319 9928.861328
2320 4683.086426
2321 5147.526367
2322 4502.358887
2323 3544.621582
2324 2510.150635
2325 6182.296875
2326 3757.152100
2327 2829.169189
2328 1528.848755
2329 5493.003418
2330 2776.387695
2331 5746.094727
2332 5287.085938
2333 6391.651855
2334 3285.087891
2335 5214.120117
2336 3915.636963
2337 5862.880371
2338 3207.600830
2339 1173.809448
2340 2608.221680
2341 2587.168701
2342 4232.077637
2343 4963.160645
2344 5893.763184
2345 5221.667969
2346 4382.533691
2347 3543.356201
2348 4672.067383
2349 7631.708984
2350 3835.769531
2351 5924.613770
2352 2852.291016
2353 4992.639648
2354 2753.823975
2355 3305.740479
2356 3697.163330
2357 2973.985352
2358 6154.741211
2359 2381.675049
2360 4552.740723
2361 6832.916504
2362 4987.996094
2363 5240.373047
2364 4506.999512
2365 2372.204102
2366 5233.327148
2367 4179.780762
2368 4762.481445
2369 4420.171387
2370 4766.497559
2371 2373.548584
2372 7063.842773
2373 2610.114746
2374 2778.479980
2375 6701.258301
2376 2398.236816
2377 2174.104736
2378 4247.793945
2379 2516.313477
2380 7294.067383
2381 6818.090332
2382 1851.284790
2383 3771.363770
2384 4480.807617
2385 4499.310547
2386 8256.723633
2387 6435.172363
2388 4090.394775
2389 4311.321289
2390 2328.658447
2391 3433.726318
2392 6478.957031
2393 3814.362061
2394 4704.116211
2395 3482.331543
2396 4812.025391
2397 5352.587891
2398 4423.435547
2399 2639.606201
2400 3248.030029
2401 4031.480957
2402 3043.246094
2403 5409.585938
2404 3966.279541
2405 7418.894531
2406 2816.119629
2407 3154.327637
2408 6733.217773
2409 3726.067383
2410 3759.093506
2411 3194.703125
2412 5979.199707
2413 4768.788574
2414 2653.372070
2415 3488.522949
2416 4122.923828
2417 6345.602051
2418 7935.716797
2419 4977.854980
2420 6116.288574
2421 4030.367920
2422 4441.759766
2423 6941.266602
2424 2325.665527
2425 3777.052002
2426 6119.729980
2427 4260.521973
2428 3691.163574
2429 1956.802368
2430 3720.933350
2431 2986.311768
2432 4212.694336
2433 4195.625977
2434 6070.680176
2435 3267.431152
2436 4115.430176
2437 2276.224609
2438 4319.984375
2439 5424.285156
2440 3889.332031
2441 5744.575684
2442 5719.960449
2443 6162.911133
2444 4785.349609
2445 3280.016357
2446 4671.510742
2447 4395.471680
2448 5287.369141
2449 2557.591797
2450 3182.896240
2451 5651.765137
2452 2178.811035
2453 2005.350342
2454 3662.310547
2455 4868.132812
2456 5426.071289
2457 2804.505859
2458 1695.891602
2459 5360.472656
2460 3836.329834
2461 5419.629883
2462 5869.132812
2463 2812.877197
2464 5875.958008
2465 4067.979004
2466 4931.360352
2467 5342.573242
2468 3406.046387
2469 6185.207520
2470 3795.123535
2471 6119.887207
2472 4049.045898
2473 5484.354004
2474 4207.729980
2475 4657.406250
2476 2733.992188
2477 2040.660645
2478 5973.613281
2479 2836.345947
2480 3957.786133
2481 5816.924316
2482 3725.663086
2483 3006.519287
2484 4274.886230
2485 5780.816406
2486 4439.385742
2487 5176.432617
2488 3361.008057
2489 5212.291504
2490 3577.853516
2491 4051.336670
2492 4675.412109
2493 3437.259033
2494 8628.723633
2495 4495.766602
2496 6319.855957
2497 3491.820068
2498 5050.345703
2499 6495.801270
2500 6128.140137
2501 5256.243164
2502 2446.325684
2503 2958.199707
2504 2142.792480
2505 5670.569336
2506 7358.727539
2507 3923.725830
2508 4019.490234
2509 7306.086426
2510 4446.415527
2511 4624.325684
2512 4623.047363
2513 3847.251221
2514 3153.224121
2515 5367.139160
2516 5061.454102
2517 4889.741211
2518 4609.586426
2519 7022.515137
2520 2721.613770
2521 3907.271484
2522 4163.857422
2523 3143.210693
2524 3934.038330
2525 3572.498047
2526 6984.726562
2527 5696.565918
2528 4399.026367
2529 4450.332031
2530 3155.048828
2531 2218.178223
2532 5266.556152
2533 3406.038086
2534 3717.938232
2535 3634.304688
2536 3135.590088
2537 4391.630371
2538 2876.321045
2539 6510.046875
2540 2008.614380
2541 3062.367676
2542 3867.001221
2543 4401.082520
2544 7976.930664
2545 4359.537109
2546 5842.689453
2547 4218.815430
2548 2575.884033
2549 4209.824707
2550 5793.569824
2551 5790.874023
2552 5292.864746
2553 1502.223267
2554 5543.510742
2555 4657.958496
2556 6324.801270
2557 3945.829102
2558 3642.391357
2559 4379.231934
2560 3634.344727
2561 4997.828613
2562 2547.403320
2563 4665.208984
2564 7394.610352
2565 6914.336426
2566 4546.717773
2567 4131.085449
2568 3966.593262
2569 6589.536133
2570 4990.896484
2571 4825.708984
2572 4374.211426
2573 6072.747070
2574 11210.354492
2575 4064.267334
2576 3147.459229
2577 4310.821777
2578 3523.419434
2579 2625.507812
2580 3020.595703
2581 2782.585449
2582 3670.647705
2583 3017.450195
2584 5179.909668
2585 4483.359375
2586 3903.313965
2587 4777.578125
2588 2592.556885
2589 5271.698730
2590 2905.591553
2591 4083.292969
2592 5507.956055
2593 3446.336182
2594 3552.999023
2595 2401.744629
2596 3274.702393
2597 5945.468262
2598 3021.085693
2599 3456.516113
2600 5394.481445
2601 5019.015137
2602 4578.957520
2603 6038.294434
2604 7140.772949
2605 5719.403809
2606 4236.841309
2607 4246.184082
2608 6099.364746
2609 5600.130371
2610 5013.680664
2611 2979.397949
2612 2807.715088
2613 2959.689697
2614 9963.148438
2615 4417.900391
2616 5291.400879
2617 4633.279785
2618 8232.360352
2619 4380.893066
2620 4676.722168
2621 4566.176758
2622 3853.062012
2623 4571.692871
2624 1817.562500
2625 3730.565918
2626 3710.314209
2627 3475.475098
2628 6115.158691
2629 6216.060059
2630 4202.938965
2631 5365.942383
2632 1085.021606
2633 4455.786133
2634 4137.351074
2635 3975.473389
2636 4272.352051
2637 5516.547363
2638 2373.040039
2639 3391.149414
2640 4149.487793
2641 3376.742920
2642 5486.760254
2643 4121.722168
2644 2982.163574
2645 6884.261719
2646 2335.283447
2647 4474.685059
2648 3524.802490
2649 5227.531250
2650 4967.484375
2651 2630.335693
2652 4981.531250
2653 3929.900146
2654 3699.719482
2655 4037.914551
2656 2815.617676
2657 4277.437988
2658 6417.788574
2659 4697.659668
2660 5303.129883
2661 3054.904785
2662 9098.929688
2663 3074.277588
2664 5757.376953
2665 5208.286133
2666 5284.094238
2667 6586.290527
2668 4320.218262
2669 3236.389404
2670 2506.849609
2671 2470.588623
2672 5198.646973
2673 5009.879883
2674 3540.543213
2675 5597.904297
2676 3998.440918
2677 6231.457031
2678 4546.937988
2679 3193.990234
2680 2975.652100
2681 7191.529297
2682 4798.478027
2683 3629.198242
2684 4819.264648
2685 2755.900391
2686 4493.595215
2687 6652.401855
2688 2168.455566
2689 3055.296143
2690 3088.143311
2691 4177.342773
2692 5840.203125
2693 7009.057129
2694 3965.104980
2695 3824.218262
2696 3520.020264
2697 4520.362793
2698 5260.085449
2699 3741.732910
2700 4149.955566
2701 3311.724121
2702 6283.752930
2703 4947.769531
2704 5401.374512
2705 4702.078613
2706 4268.013672
2707 2012.261597
2708 3456.355713
2709 4346.138184
2710 6052.501465
2711 3274.566895
2712 2446.361572
2713 3163.962646
2714 5775.893555
2715 3119.525146
2716 1353.605713
2717 3017.915527
2718 6345.873047
2719 3705.636963
2720 5285.389160
2721 3426.695557
2722 5469.070312
2723 4273.572266
2724 4523.883789
2725 3485.229980
2726 4364.981934
2727 6248.482422
2728 4619.032227
2729 2796.308594
2730 5519.874023
2731 4430.406738
2732 5394.456055
2733 2935.140625
2734 3910.160889
2735 1522.315430
2736 2007.483154
2737 3485.029297
2738 3490.961426
2739 2385.800781
2740 7326.691895
2741 3640.375732
2742 3610.185059
2743 4871.234375
2744 4598.836914
2745 2163.623047
2746 4072.252441
2747 5037.109375
2748 5985.630859
2749 6456.306152
2750 4183.708008
2751 4825.516602
2752 4951.788086
2753 6305.774902
2754 3512.006348
2755 3522.431885
2756 3746.311279
2757 7814.175781
2758 7392.587402
2759 2437.216309
2760 5785.041016
2761 2442.216309
2762 4582.141602
2763 3242.417480
2764 6163.842773
2765 4774.187012
2766 3391.666748
2767 3900.735596
2768 3264.507080
2769 3006.535645
2770 4927.175293
2771 4435.527344
2772 5251.100098
2773 2607.454590
2774 5493.427246
2775 4418.304688
2776 5713.083008
2777 6955.280762
2778 3868.238770
2779 2420.805420
2780 5249.311035
2781 2745.670166
2782 3785.472900
2783 4776.233887
2784 6444.772949
2785 3848.396484
2786 4694.639648
2787 5422.453613
2788 2298.941650
2789 5851.233398
2790 4672.556152
2791 5045.173340
2792 3426.606689
2793 5425.929688
2794 4216.250000
2795 6454.507812
2796 4749.328125
2797 8306.632812
2798 5520.694824
2799 2790.832275
2800 1938.622559
2801 2497.359131
2802 4564.298340
2803 1670.671265
2804 5552.630859
2805 4626.592285
2806 2761.115234
2807 3192.995361
2808 5064.168457
2809 5411.336914
2810 6777.755371
2811 1742.606445
2812 4844.751953
2813 3450.975830
2814 2475.561523
2815 2840.792236
2816 7513.905273
2817 4973.570801
2818 3713.855469
2819 3983.630615
2820 3157.823730
2821 4710.912109
2822 3737.691895
2823 3129.910156
2824 2995.010498
2825 6186.795898
2826 3322.577393
2827 4021.812012
2828 4321.300781
2829 4214.519043
2830 5909.691406
2831 4687.404297
2832 5560.145996
2833 5236.187012
2834 5267.221191
2835 3418.646729
2836 4591.187500
2837 3388.995361
2838 4440.902344
2839 5161.226074
2840 4895.028809
2841 4504.864258
2842 4953.985352
2843 5756.087402
2844 4036.594727
2845 3885.860596
2846 5328.093262
2847 3505.028809
2848 4047.949219
2849 4356.725586
2850 5767.159180
2851 4120.453125
2852 3038.825684
2853 3897.199219
2854 5502.285156
2855 6976.914062
2856 3492.404541
2857 3812.014893
2858 3502.569092
2859 1670.997314
2860 5222.763184
2861 3010.343018
2862 5940.247070
2863 3103.219482
2864 5321.264160
2865 2467.833252
2866 5345.376953
2867 2046.885376
2868 2763.427979
2869 3929.364502
2870 4896.798828
2871 5408.758789
2872 4552.267578
2873 4736.036621
2874 3699.174561
2875 5375.481934
2876 6278.890137
2877 4757.615723
2878 3580.534668
2879 5607.807617
2880 6174.590332
2881 3592.102783
2882 4799.301758
2883 5495.511230
2884 5166.899414
2885 3259.444580
2886 2787.770508
2887 4265.477051
2888 6361.882812
2889 4280.720703
2890 4872.179199
2891 5957.192383
2892 3714.347168
2893 5281.261230
2894 4439.567383
2895 3420.640381
2896 4929.519531
2897 4174.439941
2898 4840.493652
2899 5318.750488
2900 8451.322266
2901 6118.657227
2902 3293.445312
2903 2594.883057
2904 5559.943359
2905 2820.176270
2906 3241.346436
2907 4658.475098
2908 2492.388672
2909 3660.465576
2910 4278.089355
2911 2139.683105
2912 2186.661621
2913 3170.843994
2914 4410.650879
2915 3815.614990
2916 6212.119141
2917 4071.217041
2918 5002.862793
2919 2197.716309
2920 4700.788574
2921 2597.295654
2922 3985.933105
2923 4984.143555
2924 5207.489258
2925 4326.962891
2926 3729.625977
2927 2479.345215
2928 4703.870605
2929 5325.979004
2930 3378.592529
2931 3149.622559
2932 7525.053223
2933 4241.136719
2934 2183.655518
2935 3514.753418
2936 3892.332275
2937 3543.666992
2938 2380.794922
2939 4013.360107
2940 2944.896973
2941 6423.700684
2942 5171.488281
2943 1827.157837
2944 7294.435547
2945 4569.417969
2946 3906.777832
2947 4643.104980
2948 3372.486084
2949 4006.882080
2950 3572.934814
2951 4480.509277
2952 2456.310547
2953 6570.960449
2954 6010.713379
2955 5426.199219
2956 3210.296875
2957 3007.865234
2958 5472.330566
2959 4276.822754
2960 1680.228516
2961 2953.346436
2962 3664.787598
2963 3032.487793
2964 2067.932129
2965 5113.870605
2966 2470.614014
2967 6804.391602
2968 4729.074219
2969 3097.534912
2970 2715.365234
2971 1903.503784
2972 4511.218262
2973 5745.969238
2974 5823.079102
2975 4704.708496
2976 4242.514160
2977 3967.380371
2978 5187.780762
2979 4373.304688
2980 3966.238525
2981 5432.557129
2982 6123.904297
2983 4064.229736
2984 7119.321289
2985 4611.911133
2986 2583.890625
2987 3063.139648
2988 4801.236816
2989 4002.446045
2990 3393.231689
2991 3446.860596
2992 5535.921387
2993 5538.388672
2994 5050.778320
2995 1729.233398
2996 3010.804932
2997 5291.453613
2998 3190.308838
2999 3619.157227
3000 6647.215332
3001 4303.804199
3002 3246.454346
3003 3168.397217
3004 3573.821045
3005 5561.268555
3006 3156.408203
3007 5160.912109
3008 6454.510742
3009 6745.431641
3010 7423.992676
3011 6724.437500
3012 5202.301758
3013 2802.263184
3014 2451.310547
3015 6498.182129
3016 3496.768066
3017 3879.865723
3018 4578.031250
3019 4067.540283
3020 6082.510742
3021 5309.931152
3022 6679.034668
3023 4900.772949
3024 3253.688721
3025 4428.608398
3026 3927.946045
3027 4968.420898
3028 7041.692383
3029 5578.040527
3030 3613.869629
3031 4028.089111
3032 1637.530396
3033 2916.895752
3034 5827.320312
3035 7466.751953
3036 5740.954102
3037 5347.972656
3038 5240.916016
3039 4347.470215
3040 4645.963379
3041 5865.569824
3042 3748.027588
3043 3426.337891
3044 7031.527344
3045 5146.321777
3046 6472.890137
3047 4372.916992
3048 4148.100586
3049 2629.471436
3050 2840.539551
3051 5578.922852
3052 3999.204834
3053 7090.403320
3054 3974.802490
3055 3961.812744
3056 5818.859375
3057 3174.947510
3058 3839.063965
3059 3623.484375
3060 2220.285889
3061 1577.501465
3062 6745.590332
3063 4137.807129
3064 6568.810059
3065 2591.429688
3066 2613.393311
3067 3236.456787
3068 4425.312012
3069 2159.344238
3070 6451.026855
3071 2431.141113
3072 5335.383789
3073 2170.436523
3074 3628.842285
3075 2850.007080
3076 4516.543945
3077 6739.402832
3078 4194.304688
3079 5694.633301
3080 5593.009766
3081 6731.542969
3082 7030.898926
3083 4032.331787
3084 1122.072388
3085 5561.804199
3086 3753.683350
3087 6372.400879
3088 2981.384766
3089 2738.666992
3090 5349.015137
3091 3651.657227
3092 5478.051270
3093 4277.247559
3094 3461.102051
3095 2407.656494
3096 2771.911133
3097 4520.438477
3098 2749.922852
3099 3387.311523
3100 3880.276855
3101 8633.201172
3102 5247.925781
3103 2267.075439
3104 2816.206055
3105 3940.527344
3106 3938.731201
3107 2201.762939
3108 6585.427734
3109 3970.249268
3110 5009.510742
3111 4214.699219
3112 4096.744141
3113 5858.492188
3114 3955.412354
3115 4632.667969
3116 3647.061035
3117 5882.698242
3118 5345.621094
3119 3608.855957
3120 4195.799805
3121 4124.084473
3122 6222.775879
3123 4856.504395
3124 3972.117676
3125 7967.116699
3126 7047.797363
3127 3193.185791
3128 3613.077148
3129 2569.475830
3130 4180.337402
3131 3601.185547
3132 3430.451416
3133 3895.727295
3134 3030.809570
3135 3716.959473
3136 5594.877930
3137 3503.931885
3138 5071.978027
3139 4158.316895
3140 2425.563232
3141 7383.273438
3142 2240.833008
3143 5354.152832
3144 4113.358887
3145 3141.304932
3146 2913.974854
3147 3581.631348
3148 3469.979736
3149 4942.308105
3150 3665.441162
3151 3652.288818
3152 3863.485840
3153 4041.263916
3154 4066.445068
3155 4505.626953
3156 4510.877930
3157 4478.315918
3158 6507.585938
3159 2607.200439
3160 4602.226074
3161 7520.774414
3162 3476.112305
3163 5931.655273
3164 6710.666992
3165 4368.884766
3166 5801.517090
3167 7215.365723
3168 3247.529053
3169 6779.633301
3170 2343.414551
3171 3189.116455
3172 3264.750000
3173 4631.993652
3174 6154.255859
3175 4717.801758
3176 4759.908691
3177 4223.581543
3178 3702.976074
3179 9743.650391
3180 2568.140137
3181 4434.991699
3182 3234.732666
3183 3756.026855
3184 5581.680664
3185 7471.135742
3186 3781.601318
3187 4934.084473
3188 5275.198730
3189 5065.848145
3190 3535.158203
3191 2254.263184
3192 3982.684082
3193 4960.314453
3194 5240.270996
3195 4419.441406
3196 4162.256348
3197 5573.062012
3198 3088.218262
3199 4656.030273
3200 3248.580078
3201 4470.502930
3202 3163.172852
3203 8267.171875
3204 7807.272949
3205 6129.841797
3206 4683.909180
3207 2928.998779
3208 2381.636230
3209 4335.743164
3210 5131.809082
3211 4578.836426
3212 4321.986328
3213 3838.263672
3214 9211.418945
3215 6097.149414
3216 3896.106445
3217 2403.698975
3218 3884.655518
3219 5064.504395
3220 5338.516113
3221 2573.528564
3222 6743.986328
3223 4034.021973
3224 4106.078125
3225 3792.061523
3226 4153.953613
3227 5686.085449
3228 4902.189453
3229 5901.985840
3230 3829.621094
3231 2372.617676
3232 2741.273438
3233 5667.095215
3234 4416.869629
3235 3433.780029
3236 3911.582520
3237 4378.615723
3238 4259.993652
3239 5228.255859
3240 6749.322266
3241 4672.215332
3242 4921.733398
3243 4534.783691
3244 3306.991699
3245 6518.561523
3246 2063.629150
3247 4716.279297
3248 2599.609131
3249 4621.415527
3250 4680.767578
3251 5049.905762
3252 4683.240723
3253 4067.399414
3254 6453.371582
3255 4690.246094
3256 2381.045166
3257 3553.178955
3258 6175.620117
3259 2241.361328
3260 3587.963623
3261 4156.426758
3262 6411.318359
3263 4165.995605
3264 5217.642090
3265 1819.683472
3266 2858.476807
3267 8577.682617
3268 5502.617188
3269 3862.688721
3270 4508.675293
3271 2982.998047
3272 6839.850586
3273 3920.016602
3274 3841.561768
3275 4450.122559
3276 3012.252441
3277 3502.142578
3278 5234.960449
3279 6420.768066
3280 3863.132324
3281 6943.452148
3282 2555.566650
3283 3558.616699
3284 4660.653809
3285 2793.497314
3286 4434.773926
3287 5524.220703
3288 4765.160645
3289 3246.036377
3290 4934.712891
3291 3781.887939
3292 4950.396484
3293 6270.203125
3294 4215.552734
3295 5749.252441
3296 2522.908691
3297 4846.303711
3298 5373.156738
3299 5465.915527
3300 3879.753174
3301 5071.214355
3302 2954.212891
3303 4526.679199
3304 5604.538574
3305 4579.768066
3306 4971.645508
3307 2806.611084
3308 3988.657959
3309 5264.920410
3310 3350.227051
3311 3266.623291
3312 5767.089355
3313 4242.973145
3314 5495.402344
3315 4175.384766
3316 4200.922363
3317 4639.250977
3318 3453.646729
3319 4932.666992
3320 3992.394775
3321 3200.629150
3322 3672.130371
3323 5211.685059
3324 4177.283691
3325 2154.475098
3326 5214.778809
3327 4074.005127
3328 3793.581055
3329 4568.179199
3330 5528.166016
3331 3690.197998
3332 4029.762207
3333 2541.379883
3334 4936.970215
3335 5693.440918
3336 3904.902344
3337 5326.714844
3338 1644.883667
3339 3203.378418
3340 4944.130371
3341 2547.479004
3342 3334.059326
3343 4953.619629
3344 6392.084473
3345 4393.832031
3346 4414.682617
3347 4049.439697
3348 6369.615234
3349 3967.860596
3350 3219.797607
3351 5215.836914
3352 6331.357910
3353 4007.335449
3354 4775.395020
3355 2568.874023
3356 5243.298828
3357 4119.154297
3358 4967.675781
3359 4112.894531
3360 2987.604492
3361 2433.036865
3362 3645.936035
3363 3636.875488
3364 4334.089844
3365 7146.975586
3366 4786.134766
3367 3333.322021
3368 3910.434570
3369 2272.013672
3370 3250.185059
3371 5573.044922
3372 4145.791504
3373 3363.061523
3374 4671.775391
3375 4083.172363
3376 5940.175781
3377 4985.339355
3378 3590.719238
3379 5594.353516
3380 3188.000488
3381 3345.391357
3382 5143.437988
3383 5435.423340
3384 7541.445801
3385 4794.631348
3386 2639.935303
3387 3631.250977
3388 5504.104492
3389 3777.323486
3390 828.587646
3391 1981.533813
3392 4352.201660
3393 4245.878418
3394 4695.281250
3395 5159.972656
3396 3912.950195
3397 5268.564453
3398 5809.614746
3399 6817.625000
3400 3547.853027
3401 2656.859131
3402 6194.877441
3403 6062.640625
3404 4255.787109
3405 4818.910645
3406 3710.813965
3407 3821.859131
3408 3346.120605
3409 4128.421875
3410 3854.786377
3411 2930.805420
3412 5959.501465
3413 5233.679688
3414 5297.117676
3415 5153.875000
3416 3996.955566
3417 3709.183594
3418 4867.122559
3419 3273.290283
3420 2422.982178
3421 3962.839111
3422 4662.695312
3423 4700.461914
3424 5516.596680
3425 5246.544434
3426 3941.637939
3427 4620.725098
3428 3429.503174
3429 7185.116699
3430 4321.162109
3431 6160.443848
3432 2991.196045
3433 3035.514160
3434 4423.236816
3435 3502.430420
3436 4424.067871
3437 2583.812012
3438 3453.117188
3439 3298.160645
3440 3163.701172
3441 4914.477539
3442 3143.257080
3443 3189.488525
3444 3009.046631
3445 6018.225586
3446 4440.943848
3447 6311.036621
3448 5587.086914
3449 4456.491699
3450 3181.510742
3451 3025.900146
3452 3852.040771
3453 5272.929199
3454 4162.777832
3455 2877.100342
3456 3216.519775
3457 3663.197510
3458 5837.000000
3459 2701.174805
3460 8955.474609
3461 2820.489502
3462 6111.272949
3463 4987.584961
3464 7111.384277
3465 3298.242432
3466 4521.246582
3467 4079.555908
3468 2565.053223
3469 3195.213867
3470 6037.940918
3471 5176.045898
3472 5563.449707
3473 6829.133301
3474 4759.034180
3475 4221.538574
3476 6414.347168
3477 5108.104980
3478 5980.303223
3479 3890.092285
3480 3795.165771
3481 4433.484863
3482 2731.315674
3483 4669.892578
3484 7165.512207
3485 6158.979492
3486 4621.662598
3487 5821.705566
3488 4584.157227
3489 6554.372559
3490 3057.275146
3491 5743.478027
3492 3753.886963
3493 4582.119629
3494 4755.722168
3495 4856.340332
3496 4487.757324
3497 2738.622070
3498 4052.886230
3499 6186.974121
3500 8176.522949
3501 3644.982910
3502 3774.354492
3503 4605.602539
3504 3440.783203
3505 2991.119629
3506 4608.526855
3507 4841.863770
3508 3839.946289
3509 4162.277344
3510 4997.235840
3511 2835.285400
3512 2899.917480
3513 3567.316895
3514 4546.648926
3515 3873.186768
3516 5981.573242
3517 6130.909180
3518 3461.906738
3519 5613.886230
3520 5486.615234
3521 5362.003418
3522 2596.182373
3523 4780.233887
3524 3790.529297
3525 1893.716431
3526 4812.537598
3527 3577.195801
3528 5987.811035
3529 5452.693848
3530 3508.193848
3531 4693.084473
3532 2338.128662
3533 4922.266602
3534 4869.309082
3535 5778.428223
3536 3854.730225
3537 4113.261719
3538 4564.402832
3539 5307.691406
3540 6118.345215
3541 4536.356934
3542 4182.438965
3543 5637.036133
3544 2609.448486
3545 6066.504883
3546 5190.990234
3547 5276.716797
3548 3355.854004
3549 2734.497314
3550 5287.930664
3551 7431.917969
3552 5918.930176
3553 4324.689941
3554 5280.644043
3555 5347.751953
3556 4063.427734
3557 4608.024414
3558 5262.782227
3559 3009.082764
3560 3785.533936
3561 3967.443604
3562 3393.542480
3563 3235.464111
3564 7850.047363
3565 5943.642090
3566 3188.378662
3567 3911.920654
3568 5133.196289
3569 4705.103027
3570 3626.916016
3571 5931.564941
3572 3876.416260
3573 3470.218018
3574 4022.377930
3575 4440.642090
3576 3431.764893
3577 2202.084473
3578 5037.991699
3579 6431.439453
3580 3818.935059
3581 3974.937256
3582 7099.090332
3583 4941.414551
3584 5219.604980
3585 8316.120117
3586 1906.850952
3587 7447.724121
3588 6435.338867
3589 5036.427246
3590 3256.452881
3591 5541.603516
3592 5493.286133
3593 4760.740723
3594 3437.528564
3595 3259.031494
3596 6917.273926
3597 3725.553955
3598 6605.728516
3599 6927.519043
3600 5368.440430
3601 2649.781494
3602 9291.170898
3603 4642.711914
3604 4186.145508
3605 5482.370605
3606 2365.797363
3607 4728.977539
3608 3420.565918
3609 3222.123535
3610 2767.772949
3611 3704.137939
3612 3508.905273
3613 3811.073486
3614 3890.530029
3615 7307.596680
3616 8729.187500
3617 2941.933594
3618 3452.771973
3619 4404.692871
3620 5350.223633
3621 3822.278809
3622 4449.145020
3623 3400.395996
3624 3887.241455
3625 3438.864746
3626 2037.170898
3627 2611.697266
3628 3775.866943
3629 3507.588379
3630 2958.836182
3631 3002.911133
3632 5258.760254
3633 4466.779297
3634 3940.846436
3635 2619.494629
3636 2748.682373
3637 3331.734619
3638 3638.820068
3639 5206.141113
3640 6833.221191
3641 5521.490723
3642 5313.716797
3643 5006.876953
3644 2796.660889
3645 5189.039551
3646 3576.598633
3647 6855.121094
3648 5227.373047
3649 4230.702637
3650 3561.618164
3651 3644.536133
3652 3444.039062
3653 2470.056152
3654 3358.588867
3655 4261.010254
3656 5631.651855
3657 7903.211426
3658 3193.677490
3659 3420.222656
3660 4351.219238
3661 2515.461914
3662 3411.551270
3663 4014.122559
3664 2845.997314
3665 2798.301514
3666 7362.384277
3667 3901.438232
3668 10805.364258
3669 4384.768555
3670 4647.171387
3671 2904.295410
3672 5824.983887
3673 5740.627441
3674 6090.144531
3675 4682.703613
3676 2593.320312
3677 5171.324219
3678 4165.280762
3679 3597.454590
3680 3163.109619
3681 4174.565430
3682 2856.718018
3683 2986.097168
3684 3928.072510
3685 2313.627930
3686 2823.815674
3687 5510.729980
3688 2341.358154
3689 3796.417969
3690 4159.092285
3691 2752.391113
3692 4101.866699
3693 3411.766602
3694 5932.351074
3695 7115.817383
3696 4939.485352
3697 5164.573730
3698 3828.874023
3699 3073.574707
3700 3510.537842
3701 2286.714355
3702 4207.017578
3703 4510.003418
3704 1535.265747
3705 2419.663574
3706 3489.251221
3707 4041.151611
3708 2960.832520
3709 3414.623291
3710 3673.437988
3711 4368.613770
3712 5156.265625
3713 5065.732422
3714 6135.445312
3715 5033.239258
3716 3405.476807
3717 4636.373047
3718 2858.242676
3719 3284.781738
3720 3371.453613
3721 6227.971680
3722 5103.480957
3723 4841.374023
3724 4669.477539
3725 5053.030762
3726 3249.847656
3727 3797.860107
3728 3453.982422
3729 7531.930664
3730 5242.190918
3731 3734.894775
3732 4374.202637
3733 5192.611816
3734 2582.814209
3735 6294.851562
3736 6428.743652
3737 3973.330322
3738 3996.019531
3739 6763.498047
3740 4358.384766
3741 3650.185303
3742 2456.738770
3743 5415.437500
3744 5026.354492
3745 3401.120850
3746 6515.536621
3747 5793.186523
3748 3477.153076
3749 3472.282715
3750 3716.483154
3751 5103.323730
3752 5821.558594
3753 5336.490723
3754 3853.380859
3755 5607.929688
3756 4171.762207
3757 2007.915527
3758 3420.553711
3759 3798.165771
3760 2990.870850
3761 6239.837402
3762 5501.653809
3763 7130.895508
3764 4975.589355
3765 2655.984863
3766 3956.787109
3767 5748.593750
3768 6823.620117
3769 4933.775879
3770 4131.232422
3771 6793.169434
3772 3732.720947
3773 4072.407227
3774 4638.000977
3775 5221.263184
3776 6759.536621
3777 1885.886230
3778 4229.405273
3779 5090.324707
3780 5469.967285
3781 3793.744141
3782 2386.862305
3783 5559.280762
3784 5898.140137
3785 5880.843262
3786 5788.895020
3787 2613.646484
3788 4126.069824
3789 3225.131348
3790 3833.116455
3791 3964.286133
3792 4765.409668
3793 2068.471924
3794 7564.998535
3795 8344.882812
3796 3017.375000
3797 8251.713867
3798 7315.024414
3799 3233.946289
3800 5008.886719
3801 6394.470215
3802 4193.144043
3803 1736.711060
3804 3212.027344
3805 2311.768799
3806 5959.084473
3807 3449.241943
3808 7397.524902
3809 3341.335693
3810 3340.785400
3811 3416.863037
3812 5489.292480
3813 2919.957764
3814 7311.408203
3815 3183.972412
3816 3924.940674
3817 5872.656738
3818 3514.098633
3819 2253.361572
3820 5560.509766
3821 6871.253418
3822 3264.248047
3823 2785.486572
3824 7884.155762
3825 2353.101562
3826 4967.287598
3827 6706.520508
3828 5228.784180
3829 4223.698242
3830 4100.445312
3831 2349.327881
3832 5066.788574
3833 1831.250366
3834 6044.586426
3835 5901.354980
3836 2729.748291
3837 4095.123535
3838 5171.466309
3839 4761.067383
3840 8892.882812
3841 6676.833496
3842 7914.984863
3843 3525.492676
3844 3917.298584
3845 4214.703125
3846 2728.861572
3847 4950.244629
3848 4655.977539
3849 4317.993652
3850 4957.993652
3851 4562.298340
3852 4270.228027
3853 4945.844238
3854 3859.916748
3855 3085.544189
3856 5052.570312
3857 7156.792480
3858 7755.483887
3859 2506.357910
3860 4417.489258
3861 5558.267578
3862 5176.916992
3863 6608.459961
3864 6077.937500
3865 3484.021729
3866 3695.398438
3867 3671.138916
3868 5071.990234
3869 2487.402588
3870 5142.497559
3871 4085.034180
3872 3861.111328
3873 6473.212891
3874 4687.432617
3875 3077.063721
3876 7448.849609
3877 6179.991699
3878 5570.609375
3879 7109.901367
3880 868.135315
3881 1911.981812
3882 4842.737793
3883 5669.123535
3884 7324.406250
3885 2924.159912
3886 4805.681641
3887 2242.855957
3888 6139.865234
3889 7109.287109
3890 4525.242676
3891 3003.037842
3892 5910.922852
3893 4314.549316
3894 3090.772949
3895 8332.063477
3896 6175.415039
3897 3476.302979
3898 2216.780029
3899 5441.218262
3900 3436.290527
3901 5185.463379
3902 3512.461426
3903 3580.734619
3904 5162.091309
3905 3215.282471
3906 5169.733398
3907 4611.832520
3908 2924.453369
3909 5334.852539
3910 3926.298096
3911 3435.602539
3912 4700.599121
3913 3277.045654
3914 4615.579590
3915 9402.934570
3916 3899.183105
3917 4058.093506
3918 6518.217773
3919 4500.360352
3920 5985.645020
3921 5547.855469
3922 3862.180420
3923 3864.821289
3924 3491.156738
3925 5421.852051
3926 8032.430664
3927 6455.909180
3928 4714.354492
3929 5660.987305
3930 5182.414062
3931 4693.254395
3932 2390.154297
3933 6691.666504
3934 5891.030273
3935 7025.546875
3936 2499.257324
3937 6209.436035
3938 3317.656006
3939 2208.843994
3940 5222.876953
3941 6675.583008
3942 2779.592041
3943 6075.018555
3944 3415.860107
3945 3712.346436
3946 4848.889648
3947 2124.131348
3948 6940.652344
3949 3807.646484
3950 3183.459229
3951 6431.535645
3952 3232.988281
3953 4775.875977
3954 2773.678711
3955 3587.183594
3956 5622.469727
3957 4958.741699
3958 2018.910645
3959 7951.185547
3960 4194.228027
3961 5772.095215
3962 3074.246094
3963 3790.916748
3964 4699.010742
3965 2979.324219
3966 5615.180176
3967 4000.047607
3968 3422.265381
3969 5046.442871
3970 4827.205566
3971 4272.244141
3972 6645.405273
3973 3464.102539
3974 2697.091797
3975 3264.054932
3976 2430.556885
3977 8025.830566
3978 4455.873047
3979 5839.780273
3980 5827.361328
3981 3186.840332
3982 4657.179199
3983 5528.413574
3984 7665.076660
3985 6214.191895
3986 7136.880371
3987 3099.023926
3988 4731.607422
3989 2173.290771
3990 3222.789062
3991 2795.088379
3992 4346.034180
3993 5291.784180
3994 7120.287109
3995 5935.879395
3996 3752.810303
3997 4823.358887
3998 4634.480957
3999 4925.458496
4000 3501.637207
4001 3174.162354
4002 4896.454102
4003 5680.963379
4004 1802.223511
4005 3931.460205
4006 2420.975098
4007 4624.949219
4008 5273.520020
4009 4147.827148
4010 4384.007324
4011 3994.067627
4012 3268.171875
4013 5232.672852
4014 5536.555664
4015 3133.479492
4016 6506.699707
4017 5553.929199
4018 5907.528809
4019 4451.333984
4020 3884.809814
4021 4477.280273
4022 3704.978271
4023 5844.750488
4024 4662.411133
4025 2839.042236
4026 4667.779297
4027 4295.687988
4028 4746.479492
4029 3086.106934
4030 6972.604004
4031 2743.696045
4032 2561.500000
4033 8353.140625
4034 5787.816406
4035 7904.625488
4036 5338.988770
4037 3599.938965
4038 2789.614014
4039 3980.479248
4040 5530.937500
4041 3408.822998
4042 4415.803223
4043 5063.918457
4044 3366.502197
4045 3060.006348
4046 3145.138184
4047 2181.877686
4048 5767.376953
4049 4444.876465
4050 5231.844727
4051 6353.959473
4052 3225.790039
4053 3196.624023
4054 4699.607422
4055 3971.677490
4056 5640.636230
4057 4134.344727
4058 5751.821289
4059 4405.909668
4060 3418.677002
4061 6165.993652
4062 7529.250977
4063 2748.395264
4064 4762.125000
4065 3543.316650
4066 5601.043457
4067 4132.954590
4068 5314.739746
4069 4825.539551
4070 4203.691406
4071 4360.621094
4072 4298.327148
4073 5296.452637
4074 3098.413818
4075 7020.363281
4076 6130.380371
4077 3480.534424
4078 4058.058105
4079 5233.981445
4080 2994.177979
4081 4452.879883
4082 5530.085449
4083 3439.638184
4084 5147.318359
4085 5326.242188
4086 3617.517822
4087 4315.892090
4088 5089.185059
4089 4375.707520
4090 2777.587891
4091 3495.535156
4092 4991.408203
4093 3911.634277
4094 6364.572754
4095 6143.735840
4096 4580.336914
4097 5309.189941
4098 4159.632812
4099 4440.479004
4100 3220.995850
4101 6235.135254
4102 6783.928223
4103 4723.546387
4104 4804.636230
4105 5199.234863
4106 3527.430420
4107 4161.558105
4108 1964.771851
4109 5479.050781
4110 4024.562988
4111 5252.126465
4112 4140.979492
4113 5932.636230
4114 4113.660645
4115 4083.865967
4116 4994.465820
4117 3240.251709
4118 4105.126465
4119 4197.320801
4120 5493.030762
4121 3212.830811
4122 3586.897705
4123 8345.798828
4124 4371.303711
4125 5475.899414
4126 5287.233887
4127 4057.420654
4128 6143.087891
4129 4624.315430
4130 2997.157227
4131 5081.554688
4132 3071.635254
4133 3400.965332
4134 4703.907715
4135 1723.955200
4136 2339.847168
4137 3823.736572
4138 3681.408936
4139 5997.933105
4140 4384.030762
4141 1830.332153
4142 3953.208496
4143 5414.639648
4144 2364.569580
4145 3408.194092
4146 3898.475098
4147 6272.389160
4148 4253.782715
4149 5895.953125
4150 2584.773682
4151 3798.434326
4152 4398.018555
4153 3953.154053
4154 5212.165527
4155 4466.490234
4156 3422.463379
4157 4486.483398
4158 3011.517334
4159 3428.505859
4160 4090.001465
4161 1438.758301
4162 4241.922852
4163 5831.944824
4164 5007.875000
4165 4525.326660
4166 3640.378174
4167 5481.614258
4168 4982.183594
4169 4472.058105
4170 3832.758057
4171 3449.666016
4172 3775.051025
4173 3377.472900
4174 4773.815918
4175 7106.504395
4176 7852.292969
4177 3482.927002
4178 5679.416016
4179 1813.794312
4180 2348.476074
4181 6313.157227
4182 4230.837891
4183 3624.607178
4184 4094.539551
4185 4785.097168
4186 5525.757324
4187 5490.093262
4188 3559.013916
4189 7883.267090
4190 3680.683594
4191 4772.603516
4192 4423.349121
4193 3530.446289
4194 4771.158203
4195 2450.896729
4196 3352.189941
4197 4236.928223
4198 3395.501709
4199 5158.961426
4200 4107.961426
4201 5624.702148
4202 2503.550049
4203 4654.874023
4204 7844.971680
4205 2321.933838
4206 5233.487793
4207 5547.270508
4208 5461.769043
4209 4907.196777
4210 2556.040771
4211 7155.245605
4212 2045.493286
4213 5434.684082
4214 3901.884521
4215 4760.139160
4216 2512.859131
4217 4997.723633
4218 9398.926758
4219 5648.949707
4220 2371.500244
4221 2662.821289
4222 4543.113770
4223 4173.702148
4224 3891.960693
4225 4912.496094
4226 5750.686523
4227 5720.059082
4228 3910.470947
4229 5038.839844
4230 6521.934570
4231 2879.181396
4232 2568.908447
4233 3443.214111
4234 4453.351562
4235 4364.954102
4236 5407.755859
4237 5546.927246
4238 5845.758789
4239 5828.128906
4240 8258.574219
4241 3016.056641
4242 5041.378906
4243 2958.506592
4244 5338.439453
4245 3952.435303
4246 2953.474365
4247 4748.736328
4248 9160.644531
4249 3554.703613
4250 3990.939941
4251 4890.111328
4252 4461.997559
4253 6897.687012
4254 2537.028076
4255 6952.187012
4256 2858.310791
4257 3950.602783
4258 3024.435547
4259 1999.786011
4260 3208.193115
4261 6013.197266
4262 3076.186279
4263 4071.183594
4264 3069.057617
4265 5420.212891
4266 2712.716797
4267 5330.870117
4268 4650.768555
4269 8922.387695
4270 3361.807373
4271 6802.000977
4272 3402.679688
4273 6687.515137
4274 3270.351074
4275 4398.141602
4276 7066.352539
4277 3762.857910
4278 3211.025146
4279 3860.394043
4280 2954.968994
4281 6452.487305
4282 3298.304443
4283 4147.469727
4284 5469.796875
4285 3276.546631
4286 2752.173096
4287 2789.091797
4288 5168.280273
4289 5963.080566
4290 3622.958496
4291 4940.105957
4292 3115.028076
4293 5208.482910
4294 3661.519043
4295 5559.394531
4296 3919.386719
4297 3104.071533
4298 3304.508057
4299 7472.093262
4300 1812.101929
4301 7939.395508
4302 4908.401855
4303 2191.524170
4304 3432.739502
4305 3969.224121
4306 5602.209961
4307 4741.465332
4308 2577.848877
4309 3859.302979
4310 3573.399170
4311 8201.106445
4312 5486.921875
4313 3592.111816
4314 3559.591064
4315 4440.984863
4316 2044.873657
4317 3748.577637
4318 5869.333496
4319 4839.471680
4320 4214.766113
4321 6959.551270
4322 3694.323486
4323 5530.536621
4324 4975.373047
4325 4221.206543
4326 5290.546875
4327 4721.634766
4328 4214.711426
4329 5254.331055
4330 3365.848145
4331 5027.399414
4332 2768.864258
4333 2841.792236
4334 5051.791504
4335 3757.260742
4336 4213.258789
4337 6708.903809
4338 6829.332520
4339 4738.246094
4340 3999.579590
4341 6152.386230
4342 5850.225098
4343 4834.334473
4344 5102.084961
4345 3936.016602
4346 3628.517090
4347 5705.386719
4348 3765.758789
4349 3438.017578
4350 2638.912109
4351 7280.541992
4352 6246.959473
4353 4741.696777
4354 3455.381104
4355 6494.179688
4356 5661.697754
4357 5962.294434
4358 7059.738281
4359 3836.012695
4360 4730.291016
4361 5443.289062
4362 4868.954590
4363 2865.826660
4364 4322.812500
4365 5830.693848
4366 3220.277588
4367 8231.088867
4368 1646.114990
4369 5234.830566
4370 4711.958496
4371 3458.135498
4372 5605.087402
4373 4749.907227
4374 4956.837402
4375 3623.841553
4376 7464.217285
4377 5601.967285
4378 6127.850586
4379 7299.244629
4380 4691.334961
4381 5055.935059
4382 3918.840576
4383 4020.380127
4384 2760.682617
4385 4202.037598
4386 2978.113525
4387 4496.413574
4388 5694.180664
4389 6979.667969
4390 2424.649902
4391 3702.206055
4392 3366.084473
4393 5906.599121
4394 5680.622559
4395 3690.005859
4396 3751.215088
4397 3808.051514
4398 7247.471680
4399 2975.174561
4400 2472.721436
4401 6299.099121
4402 2834.027588
4403 4235.236328
4404 3862.360596
4405 5064.083008
4406 4050.160645
4407 3137.068848
4408 5518.399902
4409 6806.249512
4410 4687.429199
4411 2895.027344
4412 3533.103760
4413 4593.541504
4414 4480.064453
4415 3831.392822
4416 4695.148438
4417 4300.122559
4418 4610.879883
4419 6067.771484
4420 3626.593018
4421 3028.962158
4422 1747.255981
4423 6231.606445
4424 4457.501465
4425 6284.899902
4426 5728.928223
4427 2868.400391
4428 3270.257812
4429 2040.051636
4430 4511.580566
4431 1847.350220
4432 6236.747559
4433 2811.461182
4434 5692.812012
4435 4682.720703
4436 6284.049805
4437 5091.939941
4438 1769.037476
4439 4902.381836
4440 3274.615967
4441 5071.797363
4442 5810.191895
4443 7535.800781
4444 3919.841553
4445 7038.815430
4446 4126.972656
4447 5489.950195
4448 3694.666748
4449 3524.008545
4450 6268.341797
4451 4429.740723
4452 5257.536621
4453 4737.102051
4454 7002.608398
4455 4296.753418
4456 2159.733887
4457 6637.182129
4458 3996.810547
4459 5539.113281
4460 4629.240234
4461 5087.047852
4462 3002.101562
4463 1604.340942
4464 5575.023438
4465 4685.060059
4466 5013.315918
4467 3958.980713
4468 2584.903564
4469 5582.901367
4470 4941.649414
4471 8722.829102
4472 5458.685059
4473 4579.824707
4474 2037.892334
4475 3922.491211
4476 6470.004395
4477 6093.066406
4478 4076.336914
4479 4132.977051
4480 3227.473633
4481 2806.702148
4482 3261.095215
4483 2919.113281
4484 3798.998047
4485 5955.661133
4486 5077.594727
4487 4233.937012
4488 5457.250000
4489 4600.119629
4490 5429.933594
4491 3008.161621
4492 6278.332031
4493 2140.674316
4494 5185.074219
4495 3001.434814
4496 3889.867432
4497 5674.036621
4498 5766.850098
4499 3426.956787
4500 4395.097656
4501 4259.205078
4502 5090.680664
4503 4852.826660
4504 6418.083008
4505 7679.383789
4506 2436.734131
4507 3551.658203
4508 3859.766113
4509 5248.418945
4510 7945.335938
4511 3954.011719
4512 5881.609863
4513 5215.615723
4514 4399.238770
4515 4509.673828
4516 3811.928955
4517 3823.250977
4518 3424.338867
4519 6335.896484
4520 3707.412598
4521 4151.501953
4522 4939.738770
4523 4502.668457
4524 5825.807129
4525 4897.124023
4526 7036.902832
4527 2343.416748
4528 5076.583496
4529 2089.333008
4530 2082.239258
4531 5100.346191
4532 3270.461426
4533 3789.837158
4534 8435.201172
4535 6403.496582
4536 3328.345215
4537 4476.898438
4538 6177.977051
4539 5998.576172
4540 5144.183105
4541 5307.714355
4542 8683.633789
4543 3179.089600
4544 4466.782715
4545 4722.835938
4546 2978.656250
4547 4696.326660
4548 3401.498535
4549 3568.304688
4550 5567.395020
4551 2181.020752
4552 3125.861084
4553 3403.178467
4554 2842.116943
4555 4516.369629
4556 3011.908447
4557 5037.704590
4558 5275.527832
4559 2673.917969
4560 5838.583496
4561 4506.994141
4562 2626.305176
4563 3757.260010
4564 2837.493896
4565 2792.802979
4566 6198.535645
4567 4432.945312
4568 862.522034
4569 5530.222168
4570 5435.725098
4571 5198.642578
4572 2330.036133
4573 4531.430176
4574 2261.567383
4575 6676.075684
4576 3478.550537
4577 4633.942871
4578 3017.863770
4579 3356.759033
4580 2381.703857
4581 4626.880859
4582 3135.316162
4583 3107.172363
4584 3451.108154
4585 2654.888184
4586 7641.675293
4587 3945.949951
4588 3003.243652
4589 5177.900391
4590 4314.326660
4591 5076.332031
4592 4573.202637
4593 4727.821289
4594 3879.065186
4595 4174.456055
4596 2840.979736
4597 4134.867188
4598 2209.736572
4599 5959.548340
4600 2805.704834
4601 2988.965332
4602 3427.169189
4603 5057.306641
4604 2819.113770
4605 3075.781982
4606 4246.011230
4607 6075.549805
4608 3978.727051
4609 6360.567871
4610 2853.929199
4611 1871.549316
4612 3430.256348
4613 5215.758301
4614 5600.723633
4615 6756.486816
4616 3965.673340
4617 2483.537109
4618 3873.305420
4619 3504.022217
4620 4262.159668
4621 3711.903809
4622 2946.590332
4623 8039.060547
4624 9094.851562
4625 6673.742188
4626 2973.222168
4627 1412.824219
4628 4399.179199
4629 5863.306641
4630 4426.715332
4631 3913.718506
4632 4030.635010
4633 5703.852051
4634 2377.492188
4635 3695.091309
4636 5828.761719
4637 2605.060059
4638 3391.948975
4639 7741.801758
4640 2981.464111
4641 6487.328125
4642 4895.187500
4643 3310.670410
4644 4982.634766
4645 4476.325684
4646 4377.158203
4647 5217.515625
4648 2632.505371
4649 3629.236328
4650 4367.825684
4651 4982.746582
4652 3539.151611
4653 3618.856689
4654 4613.583984
4655 4631.704590
4656 2356.876465
4657 6394.373047
4658 7071.773438
4659 4072.982178
4660 5238.079102
4661 5166.872559
4662 9276.958008
4663 5904.581543
4664 3092.375244
4665 3290.642334
4666 4045.175781
4667 4740.656738
4668 2617.129395
4669 3555.444580
4670 3069.140625
4671 5843.396484
4672 5069.829102
4673 4504.984863
4674 7037.743652
4675 5208.137207
4676 3697.739014
4677 2953.172607
4678 4599.660645
4679 3687.493896
4680 5170.413086
4681 4954.944824
4682 8331.787109
4683 9225.425781
4684 6167.531250
4685 3983.361328
4686 4728.656738
4687 2116.686768
4688 4846.010742
4689 4933.054688
4690 4485.770508
4691 3567.533691
4692 5230.114746
4693 4913.333008
4694 2287.240234
4695 4881.061523
4696 3631.806885
4697 3633.715332
4698 2934.577148
4699 4052.052002
4700 3990.183350
4701 5054.167480
4702 3817.427734
4703 4178.750000
4704 4394.074707
4705 2249.616455
4706 4823.777832
4707 3737.724854
4708 2951.052979
4709 4256.929199
4710 3820.651123
4711 3585.368896
4712 2920.800537
4713 3973.840088
4714 1998.108276
4715 5567.647949
4716 3794.945801
4717 4516.739746
4718 2747.087158
4719 6077.866211
4720 4046.883301
4721 5256.631348
4722 5225.765625
4723 4208.703613
4724 5671.364258
4725 4584.384766
4726 4266.715820
4727 8731.070312
4728 3310.593018
4729 3148.859863
4730 3072.813232
4731 4835.557617
4732 3930.649170
4733 4748.588379
4734 5092.526367
4735 3160.035400
4736 2411.475830
4737 3032.185059
4738 3922.444580
4739 3038.132080
4740 2803.380859
4741 7525.180176
4742 6763.360352
4743 3385.256104
4744 1590.007812
4745 5157.899414
4746 3674.974365
4747 4689.734863
4748 4212.804199
4749 3597.773926
4750 3304.509521
4751 3210.528809
4752 3352.112061
4753 4058.397949
4754 5640.333984
4755 7285.190918
4756 3722.581299
4757 4780.598145
4758 3948.605713
4759 5591.000488
4760 3926.802246
4761 3910.930176
4762 5940.104980
4763 5499.767578
4764 2439.802734
4765 2204.529785
4766 3020.471924
4767 3440.971191
4768 3095.353027
4769 3245.149170
4770 3643.278076
4771 2196.033691
4772 4231.309082
4773 3920.517090
4774 3582.030762
4775 3149.245850
4776 3211.750732
4777 3717.232422
4778 6322.772949
4779 4069.435059
4780 3193.875977
4781 6763.613770
4782 5512.853516
4783 5077.369629
4784 5571.885254
4785 1580.940308
4786 4150.395020
4787 5795.323730
4788 6393.041504
4789 5152.442871
4790 7066.904785
4791 6414.394043
4792 6515.501465
4793 2572.450195
4794 1879.003418
4795 4154.248535
4796 4268.162109
4797 3574.193359
4798 4414.196777
4799 3048.593506
4800 5643.777344
4801 4703.576660
4802 2877.528076
4803 3778.795898
4804 3707.688965
4805 4669.393066
4806 2731.654053
4807 3942.840820
4808 10671.266602
4809 2359.216064
4810 3833.735352
4811 6438.005859
4812 3210.772949
4813 3792.474365
4814 7490.789062
4815 5124.783691
4816 5520.514160
4817 4028.208252
4818 3254.496582
4819 2798.876465
4820 4458.613281
4821 2391.547852
4822 4427.644531
4823 4221.843750
4824 3435.580811
4825 4749.455078
4826 3356.615479
4827 6378.707031
4828 4970.921875
4829 4610.711914
4830 6262.424316
4831 3911.420166
4832 7515.197754
4833 1647.440063
4834 3463.702637
4835 2210.485840
4836 4321.690918
4837 5263.855957
4838 4186.223633
4839 5492.629883
4840 5906.246094
4841 4193.145508
4842 4785.370117
4843 5557.577637
4844 7463.640137
4845 5618.349609
4846 8867.912109
4847 2727.678955
4848 7724.316406
4849 4539.264160
4850 5844.976074
4851 2553.548828
4852 3234.056396
4853 3824.345947
4854 3204.925781
4855 5626.731934
4856 4494.929199
4857 5556.262695
4858 4669.403809
4859 4347.345703
4860 4789.013184
4861 2065.853027
4862 3343.692627
4863 5009.016602
4864 4134.973145
4865 2503.794189
4866 4626.963867
4867 2062.352051
4868 2836.657227
4869 3843.796387
4870 3718.579346
4871 4116.700684
4872 2316.301514
4873 3589.944092
4874 3937.425537
4875 6511.520996
4876 5628.376953
4877 4745.967285
4878 2964.018311
4879 3254.183838
4880 3701.305664
4881 5241.910645
4882 5033.537598
4883 5037.856445
4884 3116.306641
4885 5065.157715
4886 3903.620117
4887 3369.681152
4888 3520.201172
4889 2379.140869
4890 6949.125488
4891 4153.130371
4892 5464.825195
4893 3431.309814
4894 5915.057129
4895 2336.865234
4896 4048.887451
4897 4045.087158
4898 5302.307129
4899 5314.724121
4900 4747.376953
4901 4675.624023
4902 4618.364746
4903 2469.102783
4904 3460.084717
4905 2932.979248
4906 1643.540894
4907 4406.011230
4908 3979.395264
4909 3170.542969
4910 3510.353516
4911 3148.091797
4912 7943.066895
4913 3069.120117
4914 1827.919067
4915 2530.619629
4916 5101.559082
4917 4221.943848
4918 4244.939941
4919 5893.898438
4920 5633.447754
4921 2758.344971
4922 4056.141846
4923 3888.177734
4924 3440.572266
4925 7215.536621
4926 9273.582031
4927 3391.911377
4928 4481.933594
4929 2791.544678
4930 6691.522461
4931 5320.115723
4932 2665.444336
4933 5240.475586
4934 2028.571045
4935 3864.909180
4936 3467.700439
4937 3808.191406
4938 4618.585938
4939 5277.236816
4940 3661.060791
4941 5477.521484
4942 5534.522461
4943 3038.872559
4944 5515.028320
4945 3680.582275
4946 2047.380859
4947 3986.235596
4948 4714.919922
4949 2406.279053
4950 4701.625488
4951 2732.084473
4952 4664.269531
4953 3629.293945
4954 5589.561523
4955 2778.743408
4956 3217.187012
4957 3318.251465
4958 5188.999512
4959 5089.563965
4960 5285.911621
4961 3409.923584
4962 3976.345215
4963 5998.577637
4964 3687.680908
4965 3038.059326
4966 3258.800293
4967 3076.929932
4968 5773.070801
4969 4748.566406
4970 4870.023438
4971 1831.191040
4972 3675.462891
4973 3240.474609
4974 5760.271973
4975 2930.745117
4976 4682.722656
4977 5249.836426
4978 2206.762695
4979 5073.872559
4980 5078.354004
4981 3832.939209
4982 3018.987793
4983 3121.242920
4984 5242.379395
4985 5524.815430
4986 2203.470215
4987 3154.769287
4988 3436.293945
4989 3592.561279
4990 3837.871826
4991 5328.348633
4992 4491.125488
4993 3290.797363
4994 6354.770020
4995 4502.269531
4996 8040.026855
4997 2707.513184
4998 6484.454590
4999 2436.185059
