21 0.000000
63 0.000000
134 769.000000
148 2389.000000
260 0.000000
360 228.000000
417 115.000000
472 115.000000
826 0.000000
921 0.000000
1031 0.000000
1055 3461.000000
1126 115.000000
1163 0.000000
1178 0.000000
1181 1383.000000
1200 0.000000
1294 339.000000
1305 115.000000
1343 0.000000
1538 115.000000
1590 448.000000
1805 115.000000
1833 0.000000
1864 3363.000000
2049 0.000000
2179 0.000000
2353 1428.000000
2440 115.000000
2650 115.000000
2673 0.000000
2785 1589.000000
2826 115.000000
2908 0.000000
2997 115.000000
3133 1183.000000
3213 3328.000000
3401 229.000000
3608 3300.000000
3720 0.000000
3757 115.000000
3771 115.000000
3832 1683.000000
3865 0.000000
3894 3355.000000
3921 0.000000
3971 0.000000
4042 115.000000
4350 115.000000
4422 228.000000
4745 339.000000
4758 0.000000
4913 0.000000
4978 115.000000
5027 3283.000000
5029 229.000000
5137 0.000000
5338 3391.000000
5385 0.000000
5402 1076.000000
5498 3079.000000
5588 555.000000
5709 563.000000
5821 0.000000
5876 341.000000
6014 228.000000
6026 228.000000
6062 0.000000
6181 339.000000
6187 115.000000
6216 228.000000
6237 0.000000
6262 115.000000
6462 3356.000000
6545 3300.000000
6725 339.000000
6737 2743.000000
6856 0.000000
6990 3348.000000
7062 0.000000
7110 3315.000000
7185 339.000000
7282 3315.000000
7337 0.000000
7342 115.000000
7346 0.000000
7348 115.000000
7474 777.000000
7518 562.000000
7575 0.000000
7681 0.000000
7827 0.000000
7829 0.000000
8078 228.000000
8106 452.000000
8192 3339.000000
8217 0.000000
8268 0.000000
8315 2229.000000
8344 228.000000
8365 115.000000
8385 0.000000
8603 0.000000
8613 115.000000
8687 669.000000
8689 115.000000
8773 777.000000
8893 0.000000
8923 0.000000
8987 3857.000000
9146 341.000000
9321 0.000000
9426 0.000000
9528 3641.000000
9800 1651.000000
9803 3348.000000
9851 0.000000
