9 12
30 31
1 39
54 58
36 61
39 70
26 85
54 86
75 86
76 88
57 91
31 98
28 99
33 104
88 108
56 110
2 112
111 129
24 131
61 133
22 137
89 141
64 144
132 147
139 149
9 150
56 151
128 151
1 152
128 154
66 155
145 155
55 161
83 162
127 164
153 164
131 165
163 166
120 167
132 167
68 171
159 171
16 172
5 179
159 179
95 182
32 185
53 186
92 190
114 191
0 194
9 196
159 197
71 199
42 200
153 200
36 203
191 203
0 205
177 206
194 207
48 208
161 209
114 214
147 215
25 217
69 219
111 219
52 221
66 222
164 222
97 223
221 223
6 224
86 224
1 227
190 227
24 228
116 228
205 229
221 229
28 231
228 232
71 236
101 237
235 238
198 239
10 241
56 242
148 243
42 249
44 250
178 251
234 251
79 252
158 253
196 254
93 255
132 255
54 256
141 256
106 257
138 261
170 263
200 263
223 263
51 264
203 265
57 267
64 267
43 268
92 270
26 272
83 272
261 272
201 273
232 274
134 275
189 275
1 276
62 276
38 277
149 279
163 282
148 284
119 287
272 287
153 290
230 290
69 291
106 291
181 294
281 295
56 296
239 297
104 298
155 298
106 299
253 304
126 306
206 306
235 306
285 306
60 309
294 310
99 312
18 314
204 314
99 315
258 316
282 317
100 319
196 324
276 324
172 327
103 332
105 332
317 334
169 335
179 335
253 335
314 335
204 336
244 337
109 339
31 343
184 344
304 344
272 347
346 347
99 348
263 348
182 351
267 352
