282 1
3228 1
3077 1
5860 2
1264 3
3229 9
6944 10
3273 10
3092 10
5049 16
7554 18
4767 18
8040 20
5709 21
1704 22
7569 22
2690 27
2573 27
4734 29
7023 34
4533 36
3912 39
2068 39
7540 40
5575 41
2490 44
3187 44
9365 44
2232 45
4536 45
2718 48
2784 50
6000 50
9733 52
659 53
2547 53
9506 55
7068 55
552 56
3557 56
1782 56
8566 58
7915 59
2628 61
3908 62
9146 63
2488 64
7883 64
8862 64
4816 68
7434 68
6222 68
2913 69
1970 72
8747 74
2645 76
7240 77
4669 77
3049 79
121 80
3291 80
5113 80
5969 81
635 82
2848 84
2133 85
7446 85
7307 86
3892 86
733 87
6941 87
1347 88
6118 88
3822 89
4803 91
6125 91
9114 92
3620 95
563 96
3409 97
2925 98
5124 99
9847 101
1157 103
1969 108
8653 109
5088 111
693 112
7697 114
9209 115
1302 115
4485 117
8894 117
1685 120
8735 121
1914 123
9559 125
1232 126
7568 126
9516 127
1588 128
2757 129
1287 131
9547 133
3255 133
5588 134
4758 134
1055 134
405 135
8601 137
1314 138
1574 138
589 139
901 141
9368 143
6853 143
4216 146
6040 146
7952 147
9652 147
6737 148
1178 148
8315 148
9426 148
2321 149
3625 149
2130 151
3177 153
3718 154
9692 155
3196 156
3755 157
6416 158
2235 160
2770 161
7423 163
7530 165
8234 166
5074 167
8735 169
2728 170
9469 170
8195 173
8962 176
5711 177
842 179
9007 180
5814 181
3190 181
8349 182
2612 185
2292 185
884 187
2792 188
8769 188
4206 190
3634 191
2413 191
1744 192
8216 193
5919 193
7741 195
5663 195
9979 196
3584 199
1312 200
9793 201
8100 202
1345 204
8389 206
1175 206
4717 207
2878 207
6864 208
9048 208
2586 210
2842 210
2666 210
6007 211
9778 212
3734 213
2094 214
5764 215
2831 216
5609 217
1594 221
6986 221
8198 221
9965 223
8088 226
6307 226
9239 228
2559 230
6637 231
4305 233
6042 235
8172 235
7385 236
8721 236
2224 237
6589 237
6615 237
8153 239
964 239
6930 240
9174 240
6239 241
4601 242
8123 243
4704 244
3961 245
3797 245
5342 247
2841 251
6551 251
4673 252
7468 252
1830 254
9270 255
6806 256
7552 259
4350 260
4681 263
6459 263
9323 263
9231 263
8343 266
364 269
1011 273
3573 275
6641 276
8251 278
7148 281
1640 283
8577 283
5231 286
2012 287
3870 289
5539 290
3476 291
7958 293
7169 294
6165 299
5850 300
9850 300
4790 300
5078 301
5038 306
2846 306
857 311
6754 311
6810 312
5780 312
8996 313
6397 313
7698 314
946 316
4339 318
4788 318
3207 319
8667 322
8811 323
6171 323
6851 325
9344 326
9652 328
2110 329
998 329
6553 330
7995 330
9180 330
9086 330
889 332
4565 334
818 335
4346 336
7582 336
3991 338
4755 341
5024 345
2991 348
1884 354
9364 355
4330 356
9181 357
4042 360
6725 360
2620 363
5993 366
4007 366
2118 367
1194 370
7106 371
812 372
1852 374
8928 375
1028 376
3458 377
6689 378
1682 379
4221 380
6140 381
1993 382
5652 382
4075 383
4092 384
3959 384
9907 385
1288 386
3465 388
7779 388
1600 389
1448 390
1260 390
9273 391
8977 392
3695 394
7229 395
3931 396
5460 398
1027 399
9086 404
3126 405
6659 406
1929 408
2273 408
4040 411
1132 411
7114 412
5952 414
7561 414
8828 415
1864 417
8385 417
4510 420
8271 420
912 421
3156 421
2242 422
9852 423
4426 424
4941 425
9843 426
6283 426
6964 426
5537 428
5966 429
9443 431
8134 431
7414 431
5789 432
7264 434
8252 436
949 436
7515 438
7741 438
2110 438
8088 439
2529 444
7397 444
9315 448
7093 453
8374 453
5769 458
3114 458
7716 461
4650 462
4074 465
7231 467
6311 468
9959 469
8268 472
5876 472
2427 473
4183 473
7320 476
862 477
2402 478
1208 480
8010 480
4772 480
1205 480
4517 482
4345 486
9068 486
8283 487
5655 487
4193 488
9174 488
1605 489
3582 489
6701 489
2883 490
8088 492
1812 492
4427 498
2155 498
1197 498
4707 504
2228 505
8754 506
4796 506
7644 507
7194 510
3812 511
2533 511
1570 512
8550 515
4556 517
3944 518
7481 519
1416 521
5507 521
1933 521
6089 523
6485 526
8435 530
3927 530
1570 532
6569 533
4425 535
7106 535
3674 536
1491 536
7362 537
5581 538
5487 539
1210 540
8639 540
2681 541
1252 541
6344 542
666 543
8304 544
6298 544
779 545
2387 546
1667 546
5354 546
6554 546
4402 547
5551 548
5853 549
9316 550
3198 551
2276 552
8607 552
2904 556
5686 556
9512 561
9969 561
2874 561
5662 561
981 563
8491 564
7659 565
7789 565
1846 565
3467 567
9214 567
7023 568
5995 569
7055 570
9268 571
9527 571
9322 573
2009 575
8748 575
7687 576
8255 577
4030 578
6691 579
1549 579
9213 580
8585 581
6563 581
3194 582
3524 584
7312 586
3842 592
8574 592
4491 595
7926 596
828 598
4083 599
3620 599
4935 602
7926 605
3780 607
9444 608
6281 609
7481 611
2272 613
4281 613
1605 613
5534 613
1740 614
2965 616
2897 617
9084 622
5168 623
1977 626
8981 626
4630 629
8822 630
8517 631
5176 632
5300 632
4377 634
4074 634
2391 635
3784 636
9045 637
7330 638
4190 638
1910 639
3424 640
5157 640
5457 642
1086 643
9672 644
3803 645
4123 647
7167 649
9749 650
8788 651
1405 652
4069 653
7022 654
5597 656
8821 656
8245 657
9936 658
1207 658
8898 659
7436 659
4881 660
4739 661
1239 663
5915 671
5726 671
8350 673
1539 674
9763 675
8452 676
7691 678
9181 680
7725 681
1364 684
1341 684
6185 687
9783 687
9070 691
4959 691
1576 692
2992 694
922 696
6528 698
3080 699
1908 699
9947 700
857 702
8739 705
6702 705
8337 706
2672 707
9275 707
3403 707
3413 707
5215 707
6894 709
4459 711
5188 711
5336 713
1266 713
1526 713
2984 715
6977 715
5049 719
1760 720
780 720
6115 721
3079 721
2959 722
7443 726
7860 726
8429 728
2618 729
5567 729
7522 730
3211 730
5371 730
7416 731
1915 731
8859 731
8245 731
4439 735
8145 737
4498 737
9396 737
5584 738
9993 738
9406 738
4319 742
2170 743
4167 744
2012 745
5093 746
7001 749
8704 750
1585 751
2116 751
4519 752
2320 753
6711 755
2962 756
1948 759
5559 759
4943 760
8314 762
3414 762
808 763
6332 764
4439 766
2558 767
3270 768
1610 769
7508 769
9466 770
2019 773
5892 776
4285 776
2155 779
7247 779
7235 781
4662 783
8544 784
9000 784
5157 784
8991 786
3456 787
2296 788
5880 788
5933 788
4279 788
7058 789
7291 791
2334 792
8430 793
2902 793
3257 796
3767 797
2783 797
9668 798
5116 798
1533 799
5430 800
9903 800
8953 801
1842 802
2547 802
6022 803
2033 804
6876 804
3769 804
4343 805
4170 807
6953 808
4093 808
7037 808
9160 809
8130 809
4372 809
8870 810
1784 811
3926 811
2158 811
4375 811
6537 812
7814 812
6582 814
4234 815
4544 816
2150 819
6233 823
1935 825
1495 825
1126 826
3352 833
4352 833
8526 834
3714 835
7634 835
6425 837
5773 837
5434 841
7252 841
9596 842
1963 849
4865 852
4574 852
1022 852
7592 854
3085 854
3065 855
4066 857
8117 857
6802 858
7417 859
2790 860
2837 861
2869 863
1810 864
7892 865
6020 865
9207 868
4773 871
1461 871
1727 871
9665 872
6865 873
6739 873
6908 874
6572 874
1701 876
9261 878
2275 879
5513 880
4862 880
5252 882
1510 883
2788 887
7425 888
3048 891
5522 891
9367 893
4188 894
3561 895
6246 896
1148 897
2662 898
8825 903
3359 903
8050 904
9699 905
4821 906
7654 907
1331 914
8887 914
9549 914
8255 914
4086 915
2204 916
8943 919
5029 921
4836 922
8366 922
7355 923
8328 924
6037 924
3006 924
2089 928
3359 929
7804 930
2044 930
6626 931
1454 932
6394 933
1763 933
5662 939
9981 940
6476 942
5303 942
4214 944
3702 946
8854 949
4671 952
2062 953
2900 958
8575 958
6809 961
8782 961
8973 963
6534 963
3275 964
6397 965
6448 967
1818 967
5697 968
3603 968
1077 968
1747 969
1596 971
7215 973
3245 978
9499 979
4393 981
5795 981
1023 981
2867 982
8848 983
6372 983
3908 983
9044 985
6005 987
5994 988
1867 988
1346 990
4368 991
6570 992
3853 993
8050 995
3623 998
2772 999
7230 1002
5683 1003
6735 1003
7892 1004
5224 1005
5397 1007
8342 1009
8474 1012
9775 1012
7072 1013
4934 1013
9660 1015
6415 1015
8235 1017
9772 1017
4618 1018
8642 1018
8351 1018
8958 1019
9491 1022
4438 1023
7899 1025
4285 1027
9787 1028
4582 1028
2632 1030
7391 1030
1181 1031
4025 1033
9298 1033
7921 1033
9996 1034
2155 1034
7917 1034
7445 1034
4959 1034
3339 1035
4555 1036
3494 1037
6886 1038
1392 1039
9759 1041
3255 1041
3587 1042
6358 1044
1552 1045
2720 1045
4684 1045
9719 1045
2473 1047
4914 1051
5694 1054
2785 1055
5402 1055
5498 1055
3401 1055
4430 1056
7011 1058
6091 1060
9237 1060
5880 1062
6823 1065
6616 1068
5729 1068
3291 1070
4584 1073
3669 1073
1674 1074
9555 1075
8220 1076
3891 1077
9515 1080
4798 1080
9984 1081
5972 1081
5332 1081
7058 1086
6748 1087
5236 1087
7249 1087
3790 1088
4534 1089
9995 1090
5652 1090
8340 1092
7222 1092
7078 1092
4424 1095
6772 1095
9855 1096
9316 1097
8275 1098
2581 1098
9248 1100
1304 1101
3594 1101
9184 1102
2880 1103
7421 1103
1908 1105
2718 1109
8426 1111
5276 1111
9944 1113
3972 1113
4175 1113
1322 1118
4756 1119
6656 1120
5748 1121
1172 1121
9037 1122
5638 1123
5148 1124
5011 1125
5402 1126
7784 1130
3602 1132
7685 1132
8725 1133
9182 1134
7122 1137
1365 1137
8734 1137
1501 1137
7928 1139
6878 1139
4195 1140
6819 1140
2006 1140
5783 1140
4390 1141
4607 1141
2268 1143
9031 1143
3797 1144
6252 1151
9333 1153
9282 1154
1629 1155
6295 1155
5095 1156
4700 1158
2893 1158
4626 1159
2460 1159
7169 1160
9575 1160
3520 1162
1805 1163
2451 1164
5360 1165
7076 1166
3451 1167
1228 1167
1212 1168
3396 1170
9476 1171
6956 1174
3319 1176
3381 1177
7824 1179
4065 1179
2353 1181
7474 1181
9146 1181
8431 1183
1617 1185
7989 1185
3792 1186
5784 1186
3461 1187
2838 1187
5337 1188
5785 1190
1913 1199
5876 1200
5831 1201
5102 1203
8307 1205
5688 1206
6432 1206
3765 1207
8882 1207
3861 1208
2884 1210
8841 1211
7161 1216
6654 1216
2498 1217
3048 1221
6878 1222
4405 1223
6680 1224
7874 1224
1754 1225
3700 1225
3552 1226
1567 1226
3514 1227
9795 1230
5437 1234
4840 1235
7753 1239
2245 1242
6926 1242
1847 1242
4416 1244
8784 1245
3435 1247
2659 1250
1795 1252
7572 1252
8661 1252
8801 1253
3143 1253
6331 1254
9709 1254
7932 1255
6118 1256
8237 1259
2039 1259
7913 1260
9275 1260
2229 1261
1314 1265
4241 1268
2341 1268
4558 1268
2413 1268
4638 1269
1403 1273
7419 1275
3400 1276
8105 1276
1515 1276
3507 1276
3917 1276
9128 1280
2403 1280
3997 1283
6192 1288
9698 1288
9916 1289
6259 1290
6306 1291
5812 1291
2749 1291
3210 1293
6737 1294
6026 1294
9261 1295
3127 1299
8276 1301
7045 1303
2106 1304
3921 1305
9146 1305
3068 1308
4173 1309
9402 1310
2358 1310
2429 1312
5332 1313
6125 1313
2525 1314
6871 1315
3410 1316
2574 1316
9952 1317
8600 1318
1331 1319
5317 1319
5059 1319
7814 1319
7428 1321
7454 1322
9431 1324
5008 1325
1959 1326
9621 1327
5869 1328
2423 1329
1970 1333
6104 1337
2359 1337
6101 1338
7409 1339
7918 1340
5498 1343
7125 1345
3274 1347
5863 1349
3379 1351
5760 1353
4964 1353
7727 1353
4709 1355
8492 1357
6591 1357
5728 1358
9340 1358
5223 1359
6970 1361
9378 1362
6253 1363
9106 1365
9079 1365
1461 1366
7495 1369
4329 1371
4969 1372
7513 1372
2947 1374
6555 1374
9014 1374
5568 1375
9380 1375
7288 1379
8306 1379
4831 1381
8407 1382
9722 1383
6032 1384
3955 1384
9581 1384
4130 1385
9034 1386
2576 1388
1552 1390
1613 1391
5219 1392
9080 1393
8719 1395
3344 1397
8468 1399
3309 1399
2086 1399
2873 1401
1846 1401
3061 1405
4160 1406
4690 1406
5850 1406
9009 1407
6067 1408
3709 1408
3595 1410
2955 1411
4997 1412
9304 1415
3947 1415
4572 1419
6278 1419
8053 1421
6121 1422
8288 1423
5290 1424
3855 1424
4384 1425
3857 1427
7032 1429
2342 1429
2047 1429
7529 1431
9559 1431
7888 1432
2448 1433
4894 1433
2149 1434
8218 1439
5639 1439
7531 1440
4148 1440
4100 1442
9910 1442
9598 1442
3378 1443
7107 1443
4603 1446
3456 1453
8537 1454
9811 1454
2223 1454
4011 1455
4209 1456
6915 1456
6560 1459
3584 1461
9234 1461
6308 1462
9571 1466
8004 1466
9950 1466
2981 1467
3047 1467
3872 1469
7990 1469
4199 1472
7919 1474
8044 1478
7386 1478
6548 1478
1661 1479
6194 1482
2431 1482
4904 1483
1583 1485
9017 1486
4475 1487
8325 1487
8303 1487
6402 1490
9182 1491
7251 1492
3384 1494
7427 1494
2144 1499
1666 1499
2532 1499
6010 1500
2271 1502
2962 1503
9090 1504
1580 1506
7391 1507
7818 1508
8872 1510
9258 1511
2773 1511
9066 1512
6791 1513
5379 1516
4788 1517
6204 1519
9865 1520
3630 1521
2732 1522
3641 1523
6997 1524
5294 1524
2606 1528
3705 1529
5758 1529
4607 1534
9409 1536
5211 1537
2673 1538
8987 1538
9539 1540
2711 1540
9100 1543
8994 1544
7858 1545
3807 1545
3938 1550
8621 1551
6161 1552
2886 1552
2100 1553
9237 1555
4140 1556
3980 1558
1964 1558
3404 1559
9357 1559
8105 1561
9876 1562
4784 1565
5086 1565
9488 1566
6211 1566
7152 1568
1813 1572
3066 1573
4938 1573
1940 1576
4018 1582
2776 1585
5946 1585
7835 1586
1727 1586
1763 1587
4745 1590
5588 1590
9065 1591
8370 1594
9998 1596
6808 1597
6319 1600
8046 1602
4555 1604
7220 1605
5775 1605
4625 1606
9753 1607
8703 1608
4417 1610
3913 1612
4944 1614
1776 1616
2760 1617
1867 1617
5637 1618
7710 1620
1912 1626
3972 1633
6190 1636
1778 1638
9362 1639
8275 1641
6009 1644
6586 1644
5330 1648
8655 1651
6976 1655
6403 1655
4031 1659
6579 1661
7245 1661
5271 1662
4536 1663
2409 1663
5606 1665
2128 1666
5485 1666
8643 1668
5335 1668
5600 1671
6848 1671
4620 1671
7128 1672
9127 1674
9156 1676
7332 1676
8303 1676
9644 1677
8256 1681
1882 1681
8593 1682
4746 1682
4492 1683
4270 1683
5429 1685
2155 1686
5481 1688
8468 1688
2564 1690
9094 1693
6549 1694
5875 1695
9124 1695
2454 1697
5380 1700
4153 1701
5272 1702
8313 1702
2506 1702
5725 1703
9173 1708
4466 1709
6251 1710
2538 1711
5894 1713
4537 1715
6850 1716
5019 1719
9784 1720
3265 1720
2769 1721
4284 1721
9367 1721
6248 1724
9347 1724
2517 1724
3973 1724
2568 1725
8097 1727
3760 1729
7401 1731
8552 1732
2119 1733
6461 1734
6895 1735
5994 1737
6433 1739
3516 1739
7824 1740
3260 1741
4939 1742
7540 1742
6116 1743
5055 1743
8756 1744
8630 1751
3329 1754
7380 1759
8525 1759
4004 1760
6338 1761
6810 1762
4896 1763
3293 1766
3743 1767
3658 1773
2896 1775
8601 1777
4869 1778
5482 1781
9676 1784
2323 1786
4154 1791
3436 1791
5261 1796
3509 1797
7881 1798
2869 1799
9838 1799
9220 1800
5800 1802
4420 1804
5709 1805
2855 1808
3666 1811
9430 1812
5992 1813
6060 1818
8081 1821
7252 1825
2403 1826
7191 1826
9818 1827
4675 1832
3401 1833
4429 1835
7906 1836
7531 1837
8083 1838
3719 1840
2403 1841
9713 1842
8013 1843
4904 1845
7408 1845
4556 1845
7398 1848
9370 1851
5573 1852
9471 1852
6982 1853
7688 1857
3484 1857
4582 1857
6133 1858
8559 1862
6908 1863
4978 1864
5498 1864
6462 1864
9007 1867
8881 1868
9641 1869
1901 1869
4062 1869
8002 1872
6402 1873
6668 1875
5184 1878
5792 1879
3692 1880
3119 1882
5246 1883
3320 1888
9410 1892
2019 1893
3826 1894
9392 1896
8960 1897
7378 1897
5272 1898
4433 1898
8666 1906
7432 1908
2701 1908
6537 1910
2970 1913
8200 1918
5224 1920
7136 1920
2119 1926
5945 1927
4483 1929
2762 1930
6310 1931
4661 1933
5763 1936
4096 1941
7916 1941
2901 1941
8843 1942
4286 1942
9430 1943
8272 1944
4719 1945
3111 1949
7103 1950
7400 1951
6347 1951
6236 1952
2380 1952
5800 1953
9875 1953
8237 1955
2169 1959
4363 1961
7303 1961
6230 1965
4073 1967
7205 1970
8601 1971
3799 1971
7715 1973
9990 1973
2181 1976
3390 1976
7410 1978
3051 1978
3506 1980
2820 1980
4418 1981
3099 1983
6144 1986
6642 1986
8904 1988
5289 1989
4308 1989
9925 1989
3410 1993
4452 1993
9831 1994
8146 1996
4160 1999
6342 2007
7145 2009
5523 2010
2412 2010
8936 2011
5605 2011
6357 2012
4680 2013
5946 2017
8228 2017
4314 2026
9110 2026
9872 2027
4890 2030
3304 2032
2870 2032
5587 2033
2452 2039
7876 2041
8255 2043
5002 2044
5452 2046
8274 2047
3212 2047
8577 2048
8687 2049
4544 2051
5716 2051
8597 2052
5167 2052
3131 2055
8358 2055
5383 2056
9504 2060
8358 2060
8288 2061
6258 2070
4999 2077
4936 2081
3978 2082
5266 2083
3116 2083
6625 2087
3466 2089
3215 2090
5718 2090
2927 2090
7910 2093
4128 2095
2906 2095
4243 2096
3256 2097
2334 2098
3709 2105
9922 2110
8917 2110
2860 2111
2535 2111
4598 2114
4851 2116
7919 2117
8559 2119
8186 2120
3637 2120
3142 2121
2950 2121
4728 2123
3245 2123
5329 2124
5850 2124
3080 2125
7511 2126
3437 2127
9319 2130
2457 2132
8691 2133
7302 2133
4875 2134
2332 2135
6506 2136
3299 2137
8533 2139
5606 2139
3710 2140
2672 2141
5556 2141
4903 2144
8232 2150
7561 2151
8267 2152
8912 2155
2840 2159
4849 2161
5755 2163
7564 2163
9497 2165
5965 2167
5459 2168
6154 2169
3556 2170
5257 2171
5891 2174
4223 2176
4485 2178
2440 2179
7041 2180
8802 2180
2995 2182
8709 2183
3880 2186
8542 2187
7073 2191
4109 2191
9791 2192
2762 2194
6838 2194
6993 2195
4442 2198
5939 2199
8298 2200
3871 2204
9201 2206
4599 2209
3017 2213
7751 2213
4480 2221
8210 2227
7986 2228
6745 2230
7256 2232
5004 2232
4990 2232
4287 2234
6858 2236
2275 2236
3814 2238
7379 2239
3715 2240
4479 2240
9579 2247
5861 2247
2704 2248
3852 2252
7374 2252
7568 2261
6657 2263
5072 2264
5328 2264
8466 2264
7796 2264
8974 2268
3285 2270
3774 2271
7542 2275
4993 2277
6401 2277
8818 2278
3728 2279
8489 2280
5131 2282
8462 2283
9147 2287
6665 2296
8117 2296
2945 2301
6407 2302
5293 2304
8977 2305
3703 2305
7439 2307
3043 2309
9052 2310
5037 2311
7686 2311
8111 2311
9842 2312
6033 2316
6878 2318
8390 2319
7804 2322
2820 2322
5994 2324
5744 2325
9155 2325
2568 2326
6243 2332
5457 2335
3177 2336
6321 2337
7005 2337
2552 2338
9665 2338
7074 2338
9989 2340
7090 2344
3288 2346
9316 2346
5184 2348
2666 2349
6003 2351
6907 2351
8987 2353
9197 2355
8919 2356
2536 2358
9547 2359
3371 2360
7380 2361
9477 2362
9520 2367
2554 2368
5056 2369
9428 2369
4912 2370
6350 2370
6661 2371
7763 2374
3445 2374
5087 2376
5138 2379
3388 2381
7405 2381
5658 2384
4052 2386
8517 2386
6975 2386
2700 2388
8485 2393
7614 2393
6995 2394
3631 2394
3632 2396
3361 2396
6074 2396
9461 2396
6524 2403
9082 2404
2520 2406
7699 2407
4798 2408
8870 2409
5211 2414
4314 2418
6808 2419
8847 2419
2428 2423
5289 2426
3670 2427
3442 2431
4476 2432
6195 2437
6462 2440
3452 2441
8544 2442
5280 2444
5213 2448
8933 2449
7478 2450
9081 2451
6225 2452
8993 2455
2741 2459
4734 2464
6993 2470
2609 2472
3591 2472
7548 2473
8169 2475
6731 2480
6763 2480
4681 2481
6706 2482
9323 2482
5684 2483
6715 2484
2794 2485
5770 2486
3342 2490
5727 2490
5838 2492
6564 2494
5977 2501
9716 2504
8432 2506
9644 2506
8496 2511
7715 2514
6140 2515
9829 2515
7386 2517
5319 2517
3198 2518
2537 2519
5807 2521
8611 2522
9628 2522
9277 2522
6729 2523
3346 2524
5334 2524
5018 2525
8465 2527
9423 2528
6118 2531
3761 2537
6438 2537
5003 2538
3970 2540
4800 2542
5789 2543
6273 2544
8556 2544
3389 2545
9748 2547
9642 2549
3741 2549
8047 2552
7364 2553
7938 2554
4995 2554
7639 2554
8071 2556
7329 2560
3687 2563
7595 2572
4885 2574
7384 2575
8747 2576
6729 2578
9444 2578
9054 2579
8618 2581
8084 2582
5139 2585
9311 2586
4692 2587
5306 2588
9684 2590
7311 2591
8979 2596
6422 2602
7187 2607
7198 2608
3799 2608
3617 2609
6822 2612
6042 2617
2769 2619
8558 2624
6958 2624
3255 2624
6867 2631
7373 2631
3648 2632
8780 2633
8453 2633
7677 2634
6344 2637
8542 2637
5002 2639
5506 2643
9619 2644
3893 2645
5422 2645
4383 2645
5137 2650
8773 2650
5208 2653
9372 2655
5102 2656
6106 2657
4238 2658
7444 2659
9271 2659
9157 2660
8127 2660
5681 2665
3119 2666
5990 2667
9922 2671
5266 2672
9355 2672
8038 2676
6392 2680
3769 2680
9813 2680
6563 2682
2755 2685
7781 2685
3113 2687
4419 2687
9112 2688
6152 2690
7299 2690
7978 2692
8721 2695
7400 2696
6003 2698
5167 2698
4360 2699
4795 2703
8585 2705
5465 2706
4805 2708
7992 2712
8454 2713
6612 2718
3064 2721
6708 2722
3891 2728
4038 2728
2752 2729
4205 2729
7127 2729
5200 2733
3083 2733
3831 2736
8084 2738
3502 2738
5939 2741
5484 2742
6032 2743
4926 2744
2987 2747
7043 2748
6663 2755
3149 2755
8531 2759
6514 2761
8574 2761
9862 2763
5552 2764
8303 2764
6897 2768
8951 2768
9494 2772
8253 2774
8158 2776
4156 2777
6720 2779
6808 2779
5059 2779
9405 2780
5826 2781
5503 2781
2951 2781
9113 2784
8613 2785
8893 2785
5709 2785
7518 2785
2940 2786
9011 2792
7052 2799
8579 2799
4388 2799
4028 2801
8261 2801
4926 2804
6166 2806
9040 2807
3518 2809
7924 2810
6375 2813
3591 2813
6142 2814
8727 2814
6720 2819
6105 2820
7784 2822
8241 2822
6570 2822
6216 2826
7829 2826
6332 2829
4032 2830
3965 2830
3544 2832
8449 2832
8547 2838
9571 2838
5893 2839
5044 2841
2963 2844
3362 2847
9822 2849
3926 2854
4053 2857
9975 2858
5536 2861
7324 2861
4660 2862
6084 2864
9113 2872
4269 2872
3146 2875
5576 2876
3304 2879
8069 2880
4397 2882
6888 2884
7566 2884
4640 2885
7265 2885
3772 2887
6153 2888
9679 2894
3880 2899
3554 2900
5179 2902
7739 2902
7474 2908
4055 2910
5806 2913
5061 2913
9968 2914
9081 2917
7785 2918
9932 2920
7707 2921
7806 2922
7676 2928
7261 2928
7239 2931
8909 2932
8428 2934
9040 2936
2937 2936
6106 2940
8045 2943
8461 2945
9254 2946
9848 2948
4779 2951
5781 2952
8182 2953
5693 2955
4067 2957
5116 2958
4127 2958
7324 2959
3281 2962
9247 2963
7800 2967
9644 2970
5038 2970
9007 2973
7023 2976
8202 2980
4221 2983
8375 2991
4096 2995
8348 2995
4557 2996
5821 2997
4422 2997
9591 3001
6041 3003
9121 3004
7197 3005
7202 3006
9926 3006
8878 3007
5905 3014
6775 3014
3432 3016
9186 3016
7196 3019
9139 3026
3231 3026
9748 3027
9662 3028
5730 3034
4796 3036
5363 3042
8795 3043
7979 3043
3819 3044
9629 3045
8609 3046
3835 3046
8746 3050
5038 3050
4169 3052
7717 3052
7425 3053
8299 3055
9853 3055
6463 3057
5931 3060
8085 3065
5777 3068
3117 3068
8757 3069
8195 3070
6817 3075
4333 3075
3367 3078
4797 3079
8341 3080
3884 3081
7386 3085
9057 3088
8620 3092
4237 3092
7094 3094
4293 3098
6828 3100
8831 3102
3479 3102
9012 3104
3262 3107
8359 3111
7304 3113
4929 3115
6397 3117
3328 3118
6721 3120
7073 3121
9480 3122
9759 3127
3461 3129
8659 3130
8311 3130
6851 3132
9800 3133
5876 3133
8687 3133
7967 3135
3810 3135
5803 3135
5079 3135
7538 3138
5123 3139
7392 3140
3336 3142
5882 3145
3584 3146
8083 3147
9805 3147
9817 3148
6149 3152
9615 3153
8896 3159
6326 3163
7224 3167
4364 3169
4278 3171
3234 3172
7447 3172
8390 3173
7906 3174
5098 3177
4657 3179
6346 3179
6275 3179
6479 3180
7258 3181
8527 3181
4367 3182
4314 3184
4523 3185
5532 3186
4352 3189
9935 3195
5522 3196
8970 3199
5833 3200
5180 3200
9188 3200
8874 3202
7802 3203
9030 3203
5975 3204
7766 3209
8192 3213
7110 3213
8216 3215
4619 3217
5958 3219
7241 3226
9804 3229
8794 3232
4380 3234
4364 3235
5112 3236
9794 3240
3512 3244
5769 3251
6611 3254
4329 3257
7715 3257
6575 3259
3282 3263
4163 3268
5028 3268
4331 3272
9476 3272
5819 3276
6510 3276
8906 3277
8364 3279
7685 3280
5138 3281
8214 3289
4545 3291
9687 3291
9448 3297
3575 3297
6628 3301
8410 3302
3476 3303
4570 3306
4194 3308
4714 3312
4439 3313
8361 3314
9743 3314
8802 3318
6567 3318
5512 3320
3639 3321
8581 3323
8022 3323
5303 3324
4668 3330
8434 3333
8845 3333
7971 3337
5095 3341
4068 3342
8517 3345
9276 3348
6686 3348
9829 3351
6279 3351
4703 3352
9410 3353
6434 3354
4748 3358
5509 3358
5449 3361
6155 3361
9216 3363
6156 3366
4643 3367
4161 3368
5181 3370
7670 3371
9822 3381
6616 3382
5389 3383
8814 3385
8191 3386
9438 3387
3877 3389
7698 3390
6344 3400
6237 3401
9427 3402
6295 3409
8180 3412
4196 3418
6633 3420
6170 3420
4841 3422
7971 3422
6312 3427
9402 3428
6214 3429
4262 3430
6296 3432
6450 3432
9144 3433
6770 3433
7652 3433
6687 3437
7290 3439
3952 3440
9308 3441
5806 3442
6374 3449
8039 3451
6735 3453
7963 3454
4862 3455
9900 3458
9210 3460
9276 3460
7672 3464
5777 3464
6325 3467
6370 3469
9363 3470
7668 3471
9515 3473
5831 3474
9188 3475
9791 3475
9956 3477
7781 3477
9684 3487
7250 3490
8410 3490
8156 3493
4566 3493
5991 3493
7399 3495
7247 3498
4379 3499
3566 3499
5024 3500
7623 3501
6633 3504
6937 3506
6848 3510
7014 3511
3846 3511
5584 3514
7285 3515
7824 3516
6620 3516
9722 3521
7094 3521
5267 3524
3776 3525
9731 3527
9140 3527
5531 3529
8844 3533
5787 3536
8402 3537
9795 3540
5579 3541
4197 3541
6814 3541
3826 3544
5911 3544
5121 3546
4074 3546
9848 3549
4985 3549
5186 3549
5272 3550
4338 3550
5154 3550
7885 3550
9328 3552
8699 3553
8364 3553
7000 3554
3591 3559
9275 3560
8656 3561
6839 3561
4110 3561
7183 3567
5565 3570
4585 3572
7390 3572
3638 3574
7913 3577
9066 3577
7143 3581
6869 3582
8295 3583
7585 3585
8977 3585
8308 3587
9755 3589
7858 3592
9727 3594
5923 3595
5199 3596
8371 3597
6543 3597
5764 3601
8327 3601
4128 3605
4377 3605
4147 3606
7316 3607
8987 3608
7110 3608
7653 3610
7148 3611
9692 3612
6331 3619
9614 3619
6798 3622
8628 3623
5430 3623
7213 3624
9281 3630
8973 3631
5150 3631
7723 3633
6078 3634
3719 3635
9680 3637
4053 3642
9486 3642
8487 3646
7097 3648
7104 3649
7756 3650
7372 3652
7615 3654
7379 3655
6001 3659
5034 3659
4086 3661
8811 3664
6137 3667
7307 3669
6537 3674
8882 3674
8879 3676
9935 3677
6690 3678
4915 3678
4781 3678
6104 3683
5274 3683
4701 3689
9323 3690
7259 3691
6715 3691
7257 3693
7789 3696
8266 3698
4461 3698
7991 3701
4402 3704
9377 3706
9798 3708
3942 3710
4820 3711
9681 3712
5161 3715
4042 3720
9716 3721
6735 3729
5470 3730
9280 3736
9595 3738
5337 3740
5755 3741
7627 3741
6932 3745
4470 3745
9087 3745
7974 3747
9802 3751
7129 3753
8381 3753
6962 3754
7681 3757
7474 3757
7363 3760
5171 3764
9673 3765
7159 3768
7965 3769
9321 3771
8078 3771
4155 3773
6019 3774
4498 3775
9414 3775
5639 3777
7031 3778
8859 3779
8223 3779
4623 3781
9468 3782
8546 3783
8520 3784
8449 3785
9039 3788
8889 3791
6354 3792
8886 3792
5617 3796
6897 3803
8195 3803
4603 3806
4187 3807
4835 3808
5092 3808
4277 3808
7566 3808
5728 3813
6194 3819
4328 3820
4462 3820
6095 3820
5598 3821
6888 3822
6519 3824
9096 3828
6913 3828
4043 3828
8046 3828
6312 3830
6539 3831
9800 3832
8315 3832
5057 3834
8438 3834
4233 3835
5147 3835
5048 3837
4112 3838
7418 3839
9708 3842
7864 3844
4915 3855
5306 3859
9869 3862
8607 3862
9727 3863
7456 3864
6649 3864
6187 3865
9989 3868
6339 3872
7904 3876
3922 3877
4335 3879
4910 3881
4725 3887
7763 3888
8340 3892
4430 3892
9528 3894
9803 3894
7507 3895
8025 3897
5670 3898
9002 3901
6405 3902
6104 3908
7196 3909
4795 3916
6021 3917
8254 3917
6570 3919
9756 3920
8602 3927
6776 3929
5575 3930
9767 3931
4900 3935
4271 3935
5569 3938
6653 3939
9937 3944
6798 3946
4116 3947
9687 3949
8193 3952
6446 3956
9142 3957
4100 3958
9637 3966
8026 3968
4978 3971
9839 3974
8115 3976
8347 3985
4579 3989
8096 3991
4287 3992
8530 3993
5949 3994
5956 3996
6756 3997
4073 4002
5782 4004
9487 4005
7344 4008
6417 4010
5626 4010
8536 4016
5237 4017
8484 4018
7131 4020
9829 4021
6233 4024
5341 4027
8730 4029
8143 4029
4039 4035
8284 4038
9173 4040
9984 4045
7645 4047
4708 4049
4820 4050
8658 4054
5462 4056
7759 4056
7376 4059
8894 4059
9151 4059
7117 4061
8951 4065
8189 4069
5670 4070
4662 4070
6618 4074
7453 4075
9515 4077
6290 4078
4731 4081
7647 4081
4442 4082
5947 4082
4828 4082
7511 4082
4790 4083
5154 4087
6670 4089
6746 4091
9068 4094
4368 4097
5695 4099
7198 4107
7992 4112
9670 4112
7111 4114
9688 4115
7397 4117
8223 4120
5463 4120
6160 4122
7200 4122
8027 4127
5693 4128
9214 4128
8953 4129
9226 4129
7806 4129
7577 4134
5231 4134
4237 4139
4597 4139
8988 4140
7967 4140
8997 4141
4853 4152
8208 4153
6274 4158
9525 4159
4258 4160
6804 4160
9738 4160
7608 4166
6706 4169
5979 4171
8194 4172
9363 4172
6390 4172
7667 4173
9908 4176
7642 4177
6364 4178
6214 4179
7017 4180
7286 4189
6632 4196
9482 4204
4498 4209
8535 4214
8476 4216
4355 4218
4543 4218
5357 4220
6783 4221
5950 4226
9175 4226
7215 4228
9860 4231
6463 4233
5030 4236
9731 4237
6564 4237
4720 4238
6330 4240
7845 4241
9720 4245
6876 4254
5460 4257
8541 4258
8838 4258
4464 4261
8540 4262
9522 4267
4503 4269
9946 4270
4486 4273
7851 4274
6045 4277
8952 4278
4750 4283
8020 4285
6012 4285
8403 4286
6244 4287
7975 4287
7907 4289
6932 4291
6297 4296
7319 4300
6048 4301
5569 4301
7353 4303
8573 4307
6971 4310
7720 4313
8110 4315
7892 4318
7356 4323
6300 4323
8257 4326
8737 4330
8974 4340
7421 4341
5055 4341
7702 4342
5038 4343
6802 4346
7074 4346
9856 4347
7826 4347
6998 4349
6026 4350
8346 4353
5708 4355
5732 4363
5886 4363
5772 4366
9918 4367
5660 4370
6600 4372
6723 4372
5096 4373
7229 4376
5711 4378
6707 4379
9910 4379
6895 4379
5711 4380
8350 4381
6184 4383
7421 4383
9297 4385
9977 4385
9709 4387
4599 4388
9770 4389
5912 4392
5630 4395
8206 4413
4601 4418
8114 4419
4673 4420
9528 4422
5040 4431
7025 4431
9376 4432
8810 4433
7574 4433
4441 4436
4830 4437
6337 4438
5961 4439
6321 4444
6205 4444
9349 4444
8986 4449
4916 4451
8566 4451
6342 4452
8717 4460
7506 4461
6066 4462
5010 4464
4617 4471
8760 4474
6056 4475
7871 4476
7893 4477
5456 4480
8237 4481
8435 4485
5854 4486
4968 4487
9841 4487
6544 4489
5884 4491
5580 4493
9322 4494
9449 4506
8290 4510
7145 4514
6365 4515
9829 4516
5286 4516
6404 4520
8555 4521
7416 4523
6723 4526
5370 4530
7421 4531
5414 4537
9028 4539
4861 4540
6631 4546
5785 4550
6757 4550
9662 4554
6255 4564
6059 4573
9295 4573
6303 4574
8104 4575
9679 4576
4834 4577
6568 4579
7074 4580
9703 4580
9327 4580
4980 4582
9406 4582
7809 4586
7212 4587
7588 4588
6334 4590
6031 4590
6007 4591
8059 4593
5932 4600
6316 4601
8253 4602
5447 4612
9094 4614
7038 4614
6718 4619
6611 4620
6246 4621
4872 4630
7097 4632
5095 4632
7786 4639
6876 4644
4798 4644
4714 4646
4762 4646
6614 4650
6038 4651
9827 4658
4955 4664
6378 4665
9013 4665
7880 4667
7421 4668
7445 4672
6174 4672
6763 4678
9192 4679
5256 4684
9860 4685
8224 4698
6214 4698
8039 4713
5975 4713
9694 4714
6878 4714
7606 4714
9796 4724
9842 4730
8321 4732
5370 4733
8216 4735
7852 4735
9972 4736
7868 4743
5029 4745
8235 4749
9894 4764
6277 4765
6769 4766
9633 4766
4896 4767
6961 4767
5361 4770
8482 4771
7380 4774
8856 4777
4957 4780
7345 4781
9235 4781
5926 4782
9435 4784
8930 4787
6802 4790
7597 4790
6401 4791
9970 4792
6841 4793
8129 4794
9206 4794
8856 4796
6335 4796
6616 4799
7787 4803
6417 4804
5628 4807
6215 4810
5475 4812
6985 4813
9535 4816
9654 4826
6037 4827
9493 4827
5612 4830
8378 4831
5792 4832
9791 4835
9265 4840
8325 4840
6410 4841
9160 4846
6712 4847
8208 4848
6333 4849
9206 4849
5040 4862
7201 4863
6998 4863
9227 4865
8425 4866
7741 4866
8354 4867
5940 4867
5094 4867
6948 4869
5966 4870
9688 4871
6101 4872
8659 4873
5861 4874
6293 4875
6900 4877
9093 4877
9297 4878
7749 4879
8415 4885
4928 4889
4991 4896
9337 4904
9449 4904
8471 4908
6448 4912
8365 4913
9559 4914
6369 4915
6102 4915
8245 4923
8594 4924
6416 4925
6117 4925
7439 4927
6251 4935
7717 4940
5834 4942
9226 4946
6407 4951
9346 4952
9231 4952
6277 4964
5964 4965
8856 4970
5155 4973
6186 4974
9252 4975
5090 4977
8955 4977
5170 4979
6243 4981
6028 4990
5109 4991
8061 4992
5687 4992
5856 4993
7464 4993
7310 4999
9330 5000
6504 5003
9478 5004
5247 5004
8717 5007
5481 5018
6440 5024
6060 5024
6545 5027
6462 5027
6856 5029
7031 5030
5392 5031
7090 5032
8020 5037
6962 5041
6144 5045
9863 5054
8840 5055
5900 5062
6453 5062
6850 5066
6872 5070
7598 5072
8947 5073
6186 5075
7923 5076
9470 5077
8246 5078
8569 5093
8771 5093
8138 5094
6940 5098
7081 5098
9023 5102
9369 5109
9300 5109
5121 5110
6964 5110
7783 5121
9176 5123
9172 5126
6525 5127
9289 5130
8341 5131
8530 5140
5874 5143
5438 5143
7942 5144
8189 5146
8024 5148
7490 5152
9778 5157
8841 5158
6628 5158
6661 5165
6648 5168
7687 5170
6254 5175
5597 5178
7284 5183
7196 5185
6463 5187
7119 5188
7521 5195
7984 5196
9172 5199
9078 5200
7597 5209
8593 5214
6466 5214
9968 5215
9486 5217
8440 5223
9345 5229
8598 5229
5783 5230
7107 5233
7908 5233
5815 5234
7467 5235
9937 5244
9170 5245
6019 5253
8412 5256
8888 5257
7554 5258
7577 5264
9970 5266
6021 5273
8626 5274
9733 5281
5919 5282
9597 5287
7164 5293
8381 5293
7316 5298
6382 5298
9893 5300
9897 5304
6422 5305
9139 5311
6746 5316
8940 5316
8557 5321
6555 5322
5380 5326
7679 5326
6497 5327
5785 5331
8844 5331
7040 5334
7282 5338
6990 5338
7575 5338
6749 5339
5399 5340
7050 5342
9954 5342
7383 5349
9670 5350
6460 5355
7656 5360
8534 5362
6539 5369
8972 5371
8559 5372
7492 5373
5530 5376
9635 5378
9848 5382
8129 5382
6514 5382
8773 5385
9201 5387
7998 5390
8070 5395
6368 5398
8213 5398
8590 5399
9651 5401
8773 5402
8030 5405
6288 5411
6715 5412
8675 5413
6047 5420
6260 5424
7130 5426
8814 5426
5923 5430
7398 5434
6292 5439
6691 5440
6494 5441
7723 5448
6683 5451
7446 5453
6018 5456
9416 5460
6833 5460
5533 5465
8398 5468
6643 5469
9402 5470
9253 5472
9890 5474
8530 5475
8264 5478
7019 5481
9256 5484
8609 5488
8655 5492
6138 5496
7021 5496
8520 5499
6256 5504
8304 5505
7975 5506
7997 5507
7284 5509
8672 5515
6108 5516
9260 5526
7595 5528
7573 5528
9619 5530
9176 5533
5881 5536
5725 5537
9544 5538
5807 5538
6265 5541
5956 5545
7353 5546
6002 5546
9053 5546
8977 5547
8332 5552
8043 5552
8790 5553
6591 5554
7280 5556
6795 5561
9460 5566
8367 5566
9594 5567
9822 5568
7205 5569
9433 5570
5828 5573
9443 5573
6412 5574
7329 5576
5971 5580
5879 5582
9831 5586
6736 5590
6019 5593
6684 5597
9530 5599
7660 5605
8666 5608
5729 5619
8442 5620
6908 5620
9187 5635
9814 5638
9387 5646
7532 5650
9992 5651
7117 5651
6825 5652
6164 5658
9092 5665
6253 5666
9711 5672
6711 5682
6841 5683
7099 5690
9823 5696
9763 5700
7348 5709
8165 5718
5902 5728
8588 5728
6962 5735
9115 5735
7176 5737
8952 5738
6108 5741
7531 5742
6261 5747
8029 5747
7336 5748
7778 5752
6450 5754
8616 5755
7776 5758
8715 5760
8680 5761
7872 5762
5891 5762
8660 5765
6259 5767
7590 5771
7257 5779
7993 5782
7928 5785
9020 5786
6881 5789
7746 5794
8933 5794
9223 5794
8185 5800
6317 5807
9759 5808
9780 5815
9937 5816
7033 5818
6552 5819
5833 5822
7271 5823
9817 5828
9508 5828
9544 5832
7640 5835
6130 5845
8014 5845
6557 5848
6506 5854
7716 5854
7036 5858
6240 5864
8714 5865
6376 5867
8807 5867
7975 5870
7801 5871
9935 5872
5900 5873
8264 5883
9678 5888
7963 5889
7742 5890
9486 5893
9910 5894
8705 5895
9814 5896
6033 5903
6191 5917
9443 5923
7193 5924
7041 5930
5932 5931
9066 5942
8750 5945
7669 5949
9910 5951
7015 5956
8352 5962
9490 5962
8184 5963
9985 5966
8119 5968
6795 5971
9087 5978
8628 5985
9228 5986
9903 5988
8447 5989
6892 5990
9989 5992
8187 5995
6578 5996
9191 5997
6056 6000
9431 6002
7431 6003
9340 6005
6824 6007
6617 6011
8887 6011
7491 6012
9175 6013
9800 6014
6262 6014
6965 6016
9522 6018
9418 6021
6038 6022
9461 6031
7168 6033
9414 6038
8796 6039
8804 6041
7703 6042
6861 6043
8376 6045
9509 6046
6697 6049
7826 6053
8220 6054
7327 6055
6548 6056
8333 6056
7948 6057
8014 6059
6833 6060
6562 6060
6447 6060
8689 6062
8289 6063
7983 6065
9338 6068
7405 6070
9138 6080
6732 6083
7142 6086
8802 6091
7701 6093
7867 6094
9157 6094
6860 6102
6495 6108
6883 6117
9697 6118
9813 6121
6568 6124
7833 6127
7125 6129
7971 6133
8666 6134
6417 6141
7183 6144
8775 6145
9432 6153
6702 6154
9634 6160
6640 6164
7963 6165
6671 6168
9612 6171
8311 6171
6634 6174
8773 6181
8078 6181
9395 6183
9097 6184
9670 6184
8344 6187
7186 6189
9461 6189
7032 6190
9833 6192
8983 6194
6882 6202
9653 6209
7469 6212
6698 6213
7185 6216
8135 6219
9379 6225
9750 6233
6363 6235
9302 6238
6279 6238
9445 6245
8420 6246
7890 6252
8879 6252
6517 6256
8603 6262
7407 6269
8699 6271
6853 6276
9002 6277
8803 6283
8441 6283
8259 6283
8729 6285
7421 6286
8710 6292
7085 6300
7439 6301
7179 6303
7927 6303
9843 6309
9034 6313
7336 6317
6940 6317
8728 6322
7087 6323
7352 6325
8978 6330
9220 6338
7106 6340
6376 6348
8639 6352
7232 6355
6827 6365
8256 6368
6743 6370
6973 6377
8027 6380
6932 6380
8810 6381
9201 6382
7324 6382
8554 6385
9835 6386
7840 6391
8071 6398
8417 6400
9335 6409
7854 6411
9791 6413
8272 6418
8136 6421
6745 6422
7924 6424
7405 6426
7181 6428
6962 6432
6740 6433
8470 6437
6602 6438
9562 6444
7738 6449
9497 6454
9091 6455
7039 6461
6476 6467
9095 6469
7745 6475
6727 6484
9707 6486
7687 6487
6705 6489
9501 6489
7090 6498
9477 6498
7162 6499
9263 6506
9363 6507
7872 6514
9122 6523
8678 6527
8307 6532
8632 6540
7331 6542
7282 6545
8844 6547
8512 6551
9504 6551
7938 6553
7094 6555
9379 6556
9451 6560
8120 6565
7014 6568
8562 6575
6937 6583
7593 6583
9488 6584
8338 6586
8605 6586
9747 6601
9833 6604
8740 6613
8646 6623
6713 6624
9834 6629
8584 6631
9481 6631
8010 6632
6892 6634
9542 6634
8153 6641
8622 6641
8996 6645
6700 6649
8196 6655
9668 6657
9116 6657
9043 6663
7952 6675
7019 6682
9748 6685
7405 6686
7928 6688
8522 6694
6827 6697
9972 6697
8824 6700
7558 6700
7753 6702
8319 6706
7449 6715
9099 6717
9162 6722
7474 6725
7743 6735
8987 6737
8489 6740
9558 6743
8299 6744
7107 6749
8985 6750
7688 6753
7966 6754
8832 6757
7591 6757
8933 6763
8659 6764
8230 6764
9854 6766
9570 6773
8860 6774
9945 6780
7923 6780
8361 6783
7875 6795
7799 6801
9989 6802
9417 6805
8867 6810
9575 6810
8790 6813
8634 6818
7576 6823
8517 6826
8339 6832
9855 6833
9625 6835
9982 6839
7220 6843
7121 6844
7490 6846
9105 6854
8611 6854
7470 6861
9120 6863
8356 6865
9678 6871
7274 6878
8906 6879
6896 6881
8339 6884
7882 6887
7127 6890
9867 6903
9019 6912
8337 6915
8242 6918
6931 6924
7295 6927
7513 6932
9455 6942
8698 6944
8959 6966
8399 6969
9528 6990
8484 6993
9287 6995
8530 7000
8780 7002
8693 7014
8473 7015
8534 7018
8974 7019
7939 7022
7434 7023
8065 7026
9743 7028
9083 7031
7054 7036
7856 7037
8215 7041
9476 7043
8019 7043
8025 7051
9682 7053
7342 7062
9778 7063
8401 7064
9763 7065
8643 7066
9717 7067
8938 7069
9410 7070
7431 7078
7463 7079
8858 7081
9281 7082
9372 7082
8979 7094
9179 7100
8778 7102
7534 7102
9538 7107
8146 7126
7320 7127
8758 7135
7916 7142
9520 7151
8263 7151
8103 7154
8366 7166
8100 7174
8710 7176
8687 7185
8035 7205
9486 7205
8273 7216
9827 7227
8955 7232
9296 7234
9153 7234
7354 7235
7349 7240
8360 7241
9849 7241
7925 7243
9614 7244
8059 7245
9421 7254
9306 7256
8417 7257
7279 7262
8758 7274
9690 7284
9013 7290
8529 7292
7438 7295
9235 7302
7926 7306
7353 7307
7315 7308
9711 7308
9548 7310
9880 7313
8042 7322
8934 7331
8687 7337
8106 7342
8913 7343
7348 7346
9334 7351
8233 7353
8817 7354
9601 7362
7666 7369
9415 7369
9022 7370
8900 7374
8035 7380
9014 7382
9881 7392
8656 7397
8934 7407
8046 7411
9836 7420
7999 7429
8854 7438
8407 7448
8691 7452
8095 7468
9830 7469
9905 7477
9679 7478
8710 7484
9103 7488
8882 7491
9905 7492
8392 7498
9077 7501
8224 7503
8771 7503
8834 7508
9244 7509
9294 7509
8591 7515
7953 7517
8344 7518
7827 7518
9851 7518
7628 7533
8178 7534
7708 7534
9027 7539
8593 7543
7673 7548
9497 7554
9038 7560
8052 7580
7783 7583
9353 7590
9058 7590
9488 7597
9122 7606
9372 7611
9344 7616
8012 7617
8757 7620
7831 7623
8383 7639
8638 7644
8319 7648
7923 7654
9838 7656
9355 7665
9813 7665
7720 7678
8091 7682
9301 7684
8562 7687
9917 7688
9900 7704
7840 7709
9841 7710
8208 7711
9674 7712
8795 7720
9802 7729
9030 7729
8653 7739
9229 7739
8264 7756
9841 7756
9996 7756
8275 7758
9215 7776
7781 7779
9732 7783
8572 7785
9526 7787
7816 7791
7840 7793
9160 7794
9515 7799
9545 7812
8646 7816
9414 7818
8505 7833
9155 7836
9945 7840
9241 7844
8844 7849
8544 7852
8792 7852
7899 7861
8585 7864
9861 7866
9273 7868
9718 7874
9073 7889
8976 7903
9772 7906
8839 7914
8407 7927
8821 7927
8686 7936
9442 7944
8401 7949
8853 7963
9276 7982
8520 7986
9570 7987
8474 7988
8718 7992
8064 7997
9157 8002
8022 8005
9281 8008
8295 8011
8048 8019
8153 8026
8508 8042
9924 8043
9264 8046
9224 8047
8638 8055
9997 8062
9750 8066
8282 8073
9652 8077
9210 8090
9285 8091
8248 8101
9526 8104
9302 8104
8315 8106
8365 8106
9830 8115
8501 8124
9709 8126
8715 8141
8931 8143
9855 8158
8374 8159
8259 8172
9948 8176
9979 8178
8936 8188
9803 8192
8875 8193
9902 8194
8568 8197
8368 8207
8613 8217
9048 8224
9855 8244
8508 8246
8801 8247
8334 8252
9123 8253
9242 8257
9603 8262
8426 8282
9928 8287
9180 8287
8420 8290
9964 8296
9879 8309
9570 8318
9498 8326
9964 8331
9717 8351
9904 8354
9711 8360
9233 8360
8582 8370
8495 8372
9504 8376
9411 8392
9103 8399
9350 8422
8760 8435
8913 8435
8883 8438
9440 8443
8631 8443
9515 8448
9876 8454
9808 8460
9335 8485
9522 8491
9182 8494
8910 8504
9041 8509
9128 8512
8907 8525
9313 8535
9683 8536
9715 8539
8789 8551
9601 8560
8703 8563
9438 8569
9715 8573
8777 8575
9179 8575
9343 8584
8761 8593
8833 8595
9962 8619
9130 8620
9654 8620
9743 8625
9192 8632
9285 8632
9328 8633
9531 8641
9720 8677
9528 8689
9044 8692
8788 8708
9931 8724
8794 8728
9635 8742
9774 8745
9169 8753
9863 8758
9690 8769
9212 8770
9999 8778
8809 8790
9020 8804
9161 8829
9424 8831
9005 8833
9332 8869
9442 8881
9549 8881
9935 8887
9768 8903
9176 8915
9800 8923
9811 8927
9935 8927
9642 8931
9847 8945
9396 8948
9829 8975
9949 9012
9476 9016
9327 9044
9669 9063
9640 9068
9221 9088
9708 9097
9668 9126
9435 9131
9334 9141
9202 9152
9497 9172
9959 9204
9346 9226
9930 9239
9283 9245
9875 9248
9317 9256
9556 9300
9925 9303
9670 9378
9513 9445
9501 9445
9481 9463
9958 9534
9579 9536
9644 9546
9714 9569
9657 9585
9892 9623
9923 9635
9946 9659
9737 9672
9920 9687
9830 9698
9824 9807
9947 9819
9911 9849
