10000
117
21
63
134
148
260
360
417
472
826
921
1031
1055
1126
1163
1178
1181
1200
1294
1305
1343
1538
1590
1805
1833
1864
2049
2179
2353
2440
2650
2673
2785
2826
2908
2997
3133
3213
3401
3608
3720
3757
3771
3832
3865
3894
3921
3971
4042
4350
4422
4745
4758
4913
4978
5027
5029
5137
5338
5385
5402
5498
5588
5709
5821
5876
6014
6026
6062
6181
6187
6216
6237
6262
6462
6545
6725
6737
6856
6990
7062
7110
7185
7282
7337
7342
7346
7348
7474
7518
7575
7681
7827
7829
8078
8106
8192
8217
8268
8315
8344
8365
8385
8603
8613
8687
8689
8773
8893
8923
8987
9146
9321
9426
9528
9800
9803
9851
