0 0.000000
1 0.000000
2 769.000000
3 2389.000000
4 0.000000
5 228.000000
6 115.000000
7 115.000000
8 0.000000
9 0.000000
10 0.000000
11 3461.000000
12 115.000000
13 0.000000
14 0.000000
15 1383.000000
16 0.000000
17 339.000000
18 115.000000
19 0.000000
20 115.000000
21 448.000000
22 115.000000
23 0.000000
24 3363.000000
25 0.000000
26 0.000000
27 1428.000000
28 115.000000
29 115.000000
30 0.000000
31 1589.000000
32 115.000000
33 0.000000
34 115.000000
35 1183.000000
36 3328.000000
37 229.000000
38 3300.000000
39 0.000000
40 115.000000
41 115.000000
42 1683.000000
43 0.000000
44 3355.000000
45 0.000000
46 0.000000
47 115.000000
48 115.000000
49 228.000000
50 339.000000
51 0.000000
52 0.000000
53 115.000000
54 3283.000000
55 229.000000
56 0.000000
57 3391.000000
58 0.000000
59 1076.000000
60 3079.000000
61 555.000000
62 563.000000
63 0.000000
64 341.000000
65 228.000000
66 228.000000
67 0.000000
68 339.000000
69 115.000000
70 228.000000
71 0.000000
72 115.000000
73 3356.000000
74 3300.000000
75 339.000000
76 2743.000000
77 0.000000
78 3348.000000
79 0.000000
80 3315.000000
81 339.000000
82 3315.000000
83 0.000000
84 115.000000
85 0.000000
86 115.000000
87 777.000000
88 562.000000
89 0.000000
90 0.000000
91 0.000000
92 0.000000
93 228.000000
94 452.000000
95 3339.000000
96 0.000000
97 0.000000
98 2229.000000
99 228.000000
100 115.000000
101 0.000000
102 0.000000
103 115.000000
104 669.000000
105 115.000000
106 777.000000
107 0.000000
108 0.000000
109 3857.000000
110 341.000000
111 0.000000
112 0.000000
113 3641.000000
114 1651.000000
115 3348.000000
116 0.000000
