62 0
110 1
11 2
51 2
61 2
14 3
76 3
98 3
112 3
48 4
47 5
75 5
24 6
101 6
64 7
97 7
12 8
55 9
15 10
31 11
37 11
59 11
60 11
59 12
22 13
27 15
87 15
110 15
64 16
66 17
76 17
45 18
110 18
60 19
30 20
109 20
50 21
61 21
62 22
37 23
53 24
60 24
73 24
104 25
28 26
109 27
73 28
56 29
106 29
62 31
88 31
103 31
107 31
70 32
92 32
87 33
49 34
63 34
64 35
104 35
114 35
80 36
95 36
71 37
80 38
109 38
47 39
87 40
90 40
93 41
111 41
98 42
114 42
69 43
113 44
115 44
53 46
66 48
113 49
55 50
100 52
73 54
74 54
77 55
78 57
82 57
89 57
106 58
106 59
86 62
72 65
114 65
105 67
93 68
106 68
99 69
81 70
102 72
82 74
87 75
109 76
113 78
84 79
104 81
104 83
94 84
86 85
91 88
99 88
116 88
98 94
100 94
115 95
103 96
113 105
114 108
