879 0
639 6
838 10
1019 13
1811 17
1007 18
1388 19
401 24
309 27
776 30
1502 31
1086 31
1605 31
1643 41
790 42
1607 44
175 44
1229 50
1787 53
1219 56
180 56
1650 57
626 58
1165 64
1585 67
1734 68
1034 69
1362 69
395 71
701 74
918 76
898 77
1613 78
1027 80
1364 86
632 96
1220 96
508 100
375 100
857 107
1898 113
1852 118
1292 124
300 127
1631 129
746 131
146 137
1888 138
1422 145
248 148
1986 151
496 154
1955 155
1747 164
1384 168
338 168
425 175
330 188
795 193
908 199
449 205
1696 208
1426 210
1017 211
264 216
1849 221
1428 222
1020 222
1066 224
1393 225
1975 226
491 233
1867 234
1778 237
827 238
1190 239
1108 242
1174 244
1492 248
1910 249
680 252
700 257
970 259
1437 265
902 268
1850 285
1132 291
1046 293
1864 295
1686 300
541 307
390 310
1194 312
1577 314
1048 318
1483 319
1452 319
972 324
1176 331
1754 331
1223 335
619 338
1577 341
952 352
521 353
1223 354
619 357
593 361
1016 365
1361 366
577 367
1896 370
804 371
1536 373
1617 375
537 378
1977 382
1318 383
762 389
1025 397
1236 403
1797 403
505 405
1040 406
1400 406
959 406
430 419
1946 427
1245 428
1738 429
1026 431
653 437
1400 438
1201 441
1721 441
525 447
835 457
1305 466
681 468
1462 468
1667 470
1567 472
1362 477
923 478
1411 480
1846 480
1666 484
832 491
712 495
1070 495
1099 501
1242 506
1828 506
1889 508
1534 512
1473 519
779 520
1194 523
1067 528
1891 546
1812 550
1251 561
1313 569
1290 570
1089 573
1297 580
1361 581
639 593
1063 595
1782 598
1125 608
1524 614
688 617
1234 619
824 621
1469 622
1094 631
699 645
1550 646
1402 647
1649 649
996 657
1958 658
1910 672
911 675
1650 686
1823 686
801 688
856 693
735 695
1101 696
977 707
1627 708
1369 712
1231 714
1098 737
854 743
1802 747
1766 747
1369 753
1813 768
919 770
1835 773
1872 775
1249 779
938 786
1205 786
1467 787
1229 797
1888 807
817 809
1595 820
1170 821
831 829
1751 830
1856 840
1418 848
1218 854
1200 855
941 860
1197 860
1261 861
1556 863
1477 865
1039 865
1448 866
1260 871
1470 876
1899 879
1948 887
967 888
1753 894
1112 896
1967 912
1899 917
1301 931
1267 933
1011 934
1380 941
1066 968
1236 982
1068 984
1873 988
1486 998
1796 1006
1991 1010
1090 1013
1696 1018
1934 1022
1264 1025
1307 1030
1114 1048
1257 1059
1765 1059
1958 1060
1954 1080
1651 1087
1348 1095
1359 1099
1394 1109
1870 1116
1783 1119
1618 1135
1997 1137
1569 1153
1920 1155
1586 1158
1652 1169
1361 1177
1376 1181
1617 1181
1895 1185
1792 1195
1917 1196
1823 1211
1605 1217
1975 1230
1570 1233
1574 1238
1942 1240
1580 1243
1818 1257
1616 1268
1627 1298
1614 1301
1677 1311
1690 1325
1504 1326
1371 1328
1896 1329
1362 1357
1488 1361
1922 1362
1781 1376
1962 1391
1604 1406
1650 1425
1640 1427
1692 1439
1721 1454
1900 1460
1536 1465
1984 1468
1840 1512
1820 1521
1899 1524
1735 1549
1939 1557
1757 1568
1931 1586
1663 1600
1697 1611
1875 1653
1675 1668
1874 1671
1817 1691
1939 1698
1956 1723
1842 1724
1987 1734
1825 1796
1968 1855
1930 1872
1896 1873
1995 1938
