0 224.000000
1 38.000000
2 38.000000
3 514.000000
4 0.000000
5 108.000000
6 38.000000
7 207.000000
8 74.000000
9 0.000000
10 143.000000
11 170.000000
12 74.000000
13 422.000000
14 75.000000
15 236.000000
16 0.000000
17 0.000000
18 75.000000
19 38.000000
20 74.000000
21 74.000000
22 0.000000
23 0.000000
24 0.000000
25 74.000000
26 0.000000
27 0.000000
28 108.000000
29 38.000000
30 263.000000
31 0.000000
32 0.000000
33 143.000000
34 351.000000
35 0.000000
36 0.000000
37 38.000000
38 0.000000
39 0.000000
