9 224.000000
10 38.000000
123 38.000000
144 514.000000
541 0.000000
569 108.000000
609 38.000000
660 207.000000
802 74.000000
865 0.000000
905 143.000000
1318 170.000000
1518 74.000000
1587 422.000000
1643 75.000000
1856 236.000000
1911 0.000000
1991 0.000000
2233 75.000000
2244 38.000000
2441 74.000000
2456 74.000000
2490 0.000000
2536 0.000000
2761 0.000000
2856 74.000000
2887 0.000000
3305 0.000000
3341 108.000000
3496 38.000000
3593 263.000000
3671 0.000000
3735 0.000000
3872 143.000000
3935 351.000000
4022 0.000000
4214 0.000000
4462 38.000000
4536 0.000000
4973 0.000000
