2293 0
1782 0
3180 2
4292 3
4099 4
3575 4
2701 6
4774 6
2793 7
3035 7
4809 7
1587 9
660 9
144 10
865 10
2417 13
3579 13
3581 13
2572 15
4487 16
2895 16
2017 17
215 19
3611 21
2771 21
4878 23
3232 25
3018 25
2932 25
182 26
334 27
1698 28
4029 30
2592 33
4889 34
1131 35
4872 38
1610 38
883 39
3821 39
2756 40
1572 41
4549 41
987 42
1778 44
1878 47
2161 48
2185 48
2001 55
3579 55
3858 61
4403 61
4658 62
1060 62
85 68
2893 68
4440 70
4032 71
3865 72
3237 75
2713 77
1386 77
1158 80
4464 82
3158 82
1056 85
129 86
3792 89
946 91
1280 92
4276 92
2367 93
4474 94
2692 94
640 96
1092 97
1352 98
196 98
3459 100
308 100
2868 101
2571 103
1358 103
2840 104
4950 108
2598 109
3813 110
2231 111
2248 114
4046 115
854 115
872 117
822 117
4824 118
3985 121
1638 121
2456 123
1991 123
1026 124
4176 127
2779 127
1534 127
654 127
4936 129
3485 130
3816 132
2926 132
2006 132
2036 134
1255 134
1432 135
786 135
4061 136
1619 137
3338 138
807 140
1955 141
1858 142
2173 142
295 142
3114 143
4059 143
1005 143
1856 144
1587 144
3935 144
4943 145
1927 146
1122 148
2218 148
1521 151
1336 154
1464 156
2389 158
230 158
4599 158
2892 161
3010 162
2556 163
3022 165
2376 168
2302 169
2199 172
3470 173
769 175
3633 177
4153 177
4317 178
4769 183
1275 183
1158 185
4851 188
2078 195
3385 198
3854 200
2428 201
4646 201
4952 202
2825 203
1576 204
1594 207
2783 208
2352 211
3437 214
3840 215
1621 216
3258 217
3615 217
4034 218
3276 218
4175 219
4347 220
2465 221
667 221
1214 224
2751 225
2241 227
1191 231
676 236
1106 236
524 236
1723 239
3713 240
4589 241
1786 242
2039 242
1482 243
4751 243
1039 244
2480 246
1946 246
3403 246
4104 247
1304 248
1896 248
398 248
4152 249
2304 251
1302 252
4954 255
2098 257
1476 257
3534 257
2812 258
2026 259
1521 265
2838 267
1605 268
4681 271
4045 275
1821 276
1303 280
427 281
2297 284
2946 284
2373 287
2062 289
2006 290
373 291
1756 293
789 297
2343 298
3752 299
1945 299
3963 301
2589 301
1343 301
3905 303
4219 303
4010 306
3517 306
2045 307
4767 307
3565 315
1748 316
4516 318
1589 319
2685 319
4721 322
354 326
2483 329
1758 330
346 333
4724 333
2780 334
3638 339
1766 340
4217 342
3389 342
3528 347
1585 348
2461 349
2611 350
4319 352
4962 354
1766 355
1044 357
673 358
4721 359
1080 360
2170 360
1167 361
3652 362
631 364
1296 365
4705 366
412 366
3619 369
1077 370
2822 374
1638 377
731 378
3054 378
4671 383
4867 386
2483 389
2049 393
607 395
1047 396
2155 399
4120 401
566 401
2547 403
2924 403
4666 405
3075 406
3204 406
923 410
638 413
4444 414
2168 416
3221 418
666 420
2708 420
2592 421
4811 423
3830 423
611 425
2756 425
538 426
527 426
3484 427
1596 428
4311 433
2624 434
3247 434
4904 442
1807 444
1711 446
586 449
4970 449
1007 449
1922 451
3322 452
3649 455
901 455
1628 456
2053 457
4517 457
4692 458
3020 459
4653 461
3253 464
1903 464
2487 467
3400 469
2152 472
2378 473
869 474
2163 477
983 477
1630 480
1307 481
3164 482
692 482
1473 483
2748 483
3677 483
720 486
2629 489
708 490
3542 491
1685 493
1412 494
703 494
1304 502
1729 502
939 507
2055 508
552 509
3693 509
3638 511
3616 512
2467 516
735 517
3234 518
3101 519
3719 520
1356 521
3766 522
2377 525
4791 525
1648 527
4105 527
2683 528
4355 529
4633 531
1118 531
3086 533
4273 540
1188 540
3496 541
2251 542
2815 546
3410 547
4264 548
644 548
4015 549
2377 552
2074 552
1105 554
1549 561
3861 562
4123 564
4253 564
3742 564
3797 567
1856 569
2233 569
2130 570
4349 570
1649 573
587 576
4224 577
4463 578
3308 582
3101 582
2290 589
3399 589
940 590
651 593
3831 594
2138 596
2358 596
2948 597
2620 598
2363 599
1893 599
1239 603
1231 603
3189 605
3006 606
1638 606
1529 607
3718 607
1883 608
2536 609
1518 609
1696 612
4445 612
2423 613
3794 614
3181 615
2069 617
3168 618
4243 618
4635 620
4746 622
2101 627
4164 630
3302 631
2116 633
4246 636
1517 637
4837 637
2012 639
2613 639
3582 640
759 641
2113 642
667 642
3077 642
4908 646
3078 648
4477 650
1552 651
3742 651
1101 655
1215 655
1871 657
898 658
1419 658
3305 660
3341 660
1911 660
1977 663
1701 665
3757 666
1841 668
1348 668
4470 669
3844 670
3714 675
4981 676
2774 680
1542 682
3235 683
4074 684
1152 686
1891 686
2396 687
1701 688
1207 693
1202 696
2892 697
3678 697
1305 698
4765 698
2996 701
2150 701
4913 702
4851 705
4002 706
3043 708
3616 709
4825 711
2827 713
1662 714
2279 714
3161 716
1498 719
1570 720
1039 721
2177 722
1530 722
2255 722
2542 724
2253 725
2240 727
1571 727
4045 730
1174 731
1432 737
1658 738
4895 738
1316 739
1361 745
4443 747
1032 748
1729 749
3533 750
1355 751
2434 753
3484 758
2814 761
1260 762
3864 768
2429 771
2597 772
2332 777
3871 777
4699 778
2173 778
1344 779
1641 779
2295 782
2707 785
3056 786
1598 786
3655 787
1595 789
2597 790
4701 790
3918 791
2961 792
1838 796
4608 798
3653 798
3866 801
3496 802
3341 802
4917 803
3645 804
1310 805
4856 809
1406 811
4996 813
2859 815
1242 816
2938 816
1264 817
2238 821
3922 822
3240 824
3248 824
1273 825
2037 826
847 827
4506 832
1436 835
2871 837
2034 838
4613 838
2006 841
2915 842
4892 843
4251 846
990 847
1841 851
2746 852
3027 852
2840 855
3764 857
1790 858
2306 859
1606 859
2124 860
1031 861
3878 862
1832 864
3350 864
1242 867
1076 867
2214 872
3636 874
1826 875
987 875
3019 878
1598 878
3218 881
4823 882
2588 882
2558 882
4119 882
2419 887
4456 889
2470 889
4400 890
3112 893
4044 893
4540 894
4495 898
3564 900
2489 903
2761 905
1518 905
1318 905
2029 909
4252 910
4289 911
2673 912
2525 914
2821 915
1128 917
4223 921
4609 922
4858 922
2444 924
2849 926
2786 926
3551 933
2024 934
2597 935
4592 941
2380 942
1014 945
2317 948
3805 948
2813 951
3523 953
2055 953
4436 954
1196 954
3266 956
4739 956
3028 957
1198 957
3993 958
1659 958
2050 960
1499 960
4432 963
3931 964
3090 968
4655 968
1489 970
1882 971
3903 972
3193 973
1522 973
3452 974
3986 975
3405 978
4264 980
1706 986
4799 987
1566 988
3959 992
2357 993
3573 993
2098 997
4514 997
2207 1000
2959 1004
1230 1005
4840 1007
2963 1007
1527 1007
2478 1008
3047 1008
1351 1011
4935 1012
1456 1014
1533 1014
4030 1014
4049 1019
4315 1019
4053 1020
4725 1021
3265 1022
3720 1024
3641 1024
2431 1027
4919 1028
3421 1029
3406 1030
3276 1032
4646 1033
1381 1034
2696 1040
3300 1042
1098 1045
1675 1048
4109 1048
1400 1050
4198 1050
1372 1051
3846 1051
1362 1053
3702 1053
4060 1054
4854 1059
4903 1060
4921 1061
2639 1064
4496 1065
4697 1065
2642 1073
4118 1075
1602 1076
1517 1076
2206 1077
2343 1078
2908 1082
1300 1084
4004 1085
2468 1089
3132 1090
4792 1091
1717 1093
1773 1093
1554 1094
4003 1094
2573 1095
4748 1097
3023 1097
2050 1102
2060 1104
3195 1105
1426 1105
1936 1109
3514 1110
2793 1111
4996 1113
2202 1114
1387 1114
1415 1117
4528 1119
2474 1119
4720 1120
1372 1127
2353 1130
4763 1130
4001 1131
3746 1131
2414 1131
3837 1132
2218 1133
4105 1137
4788 1137
2294 1141
2884 1143
3321 1145
4101 1145
2717 1146
3224 1148
1561 1148
3776 1148
2506 1152
2762 1152
2011 1153
1262 1157
2727 1157
2517 1159
1934 1161
1891 1163
4859 1163
2660 1164
4752 1168
2021 1169
4762 1170
4899 1170
3696 1173
2958 1173
1897 1174
2958 1174
4369 1175
3245 1176
2190 1177
4302 1179
1943 1180
4636 1183
3907 1184
3435 1184
4984 1185
4223 1188
4394 1189
4443 1190
3300 1190
2838 1191
4916 1196
4134 1197
4245 1198
1256 1202
4560 1202
4734 1204
4277 1205
1279 1211
3434 1213
2384 1215
4850 1215
1640 1218
4348 1219
3129 1220
1230 1221
4776 1222
3152 1227
3804 1236
2333 1236
4243 1237
2915 1238
4768 1240
3586 1251
4542 1252
3833 1253
4003 1254
3475 1255
1500 1255
3752 1260
1463 1260
3462 1264
2170 1265
4131 1265
2923 1267
3407 1267
2993 1268
2966 1269
2955 1271
2013 1275
4416 1276
2307 1283
1920 1286
4441 1293
1810 1294
4510 1294
1792 1295
2973 1304
2245 1307
4118 1309
3046 1311
2930 1315
3538 1316
1418 1317
2947 1317
1587 1318
1685 1320
1414 1321
1678 1323
4267 1324
2812 1324
2550 1324
2170 1325
2644 1325
3473 1331
2884 1331
4325 1334
2415 1338
4083 1340
2132 1342
1879 1342
1973 1347
3127 1347
4379 1348
3246 1356
2921 1357
2941 1360
1993 1365
3345 1369
2084 1373
4545 1374
2550 1374
4388 1378
3796 1380
2423 1381
2819 1383
4380 1383
4856 1384
2849 1390
1719 1392
2782 1393
3848 1395
2351 1396
1698 1400
4697 1403
4715 1403
4994 1408
4975 1408
2814 1416
3599 1416
2900 1417
3863 1420
3197 1421
3856 1422
4251 1426
1776 1428
2729 1430
3162 1430
2250 1433
2843 1434
1637 1436
4187 1438
3241 1440
2197 1440
2955 1442
2082 1444
1977 1448
3613 1451
3554 1452
2180 1456
2791 1456
4171 1459
4869 1459
1675 1462
2577 1464
3036 1465
1511 1470
2877 1472
3295 1473
3456 1475
3300 1476
4734 1477
1566 1477
2267 1479
1936 1481
2341 1481
1757 1482
1897 1486
4442 1486
3145 1489
4290 1489
3682 1492
3748 1492
3825 1493
3311 1498
2508 1498
3724 1500
3373 1500
2401 1503
3132 1503
4897 1504
3309 1504
2517 1505
1842 1507
2829 1507
3022 1509
4876 1512
4420 1513
2362 1516
3426 1516
2435 1519
2655 1520
3477 1521
4096 1523
4501 1524
2058 1525
2409 1527
3127 1528
3618 1529
2196 1534
4418 1535
3007 1535
4110 1539
3292 1540
3061 1541
3033 1542
4151 1543
2888 1552
4431 1553
2770 1554
4683 1555
4369 1557
4841 1557
3554 1558
4798 1558
1630 1563
4954 1564
4359 1564
3031 1565
3314 1568
3076 1570
3066 1571
3675 1573
3949 1574
2665 1580
3297 1580
4973 1587
4367 1589
3503 1589
4245 1590
2160 1591
3775 1591
2892 1594
2746 1600
4578 1601
3651 1601
4916 1608
4310 1611
4619 1613
4194 1613
3259 1613
2900 1613
1930 1614
2388 1614
4789 1615
2200 1622
3632 1629
3210 1633
2156 1636
4700 1637
3274 1642
3872 1643
4536 1643
3671 1643
2269 1645
3342 1649
3527 1654
2016 1655
3594 1661
3402 1664
4944 1671
1813 1671
4086 1672
4311 1672
1866 1673
3450 1674
4125 1675
4087 1675
1963 1676
4614 1677
4523 1680
4396 1681
3399 1681
4784 1685
4725 1685
3943 1688
4085 1691
2881 1692
2036 1692
2610 1694
4850 1695
2460 1696
4702 1698
4653 1699
4740 1700
1946 1703
3613 1707
1783 1709
2491 1712
2049 1716
3285 1717
3360 1718
2957 1718
3672 1721
2638 1724
2173 1725
3348 1727
2323 1729
3214 1730
4329 1731
3854 1735
4574 1736
3261 1737
2126 1738
3028 1739
4083 1741
4268 1741
1913 1743
4797 1745
2291 1747
2642 1750
3243 1751
4980 1757
1920 1762
2457 1762
2789 1762
4899 1763
2974 1763
4011 1765
2389 1768
2399 1770
4138 1772
4486 1777
2135 1778
4001 1784
3668 1786
4482 1787
3236 1790
4646 1793
4715 1799
2048 1803
4365 1810
2680 1811
4984 1811
3979 1812
4936 1815
4574 1815
4482 1816
2007 1816
2040 1822
4656 1825
4452 1829
3543 1831
4382 1835
3182 1836
3941 1838
4135 1839
4365 1841
2079 1841
2455 1842
3151 1845
2398 1847
4303 1849
3397 1851
3259 1852
4376 1853
2856 1856
3175 1858
3322 1859
2743 1863
3385 1866
2928 1872
4864 1877
2958 1877
4288 1878
4711 1879
2188 1880
3196 1882
2307 1883
3253 1884
4461 1887
2684 1889
4478 1890
3054 1892
4239 1892
3946 1893
2642 1897
2843 1899
1984 1909
4178 1915
3982 1915
3902 1917
1955 1919
2376 1924
2333 1927
4919 1935
3099 1938
2595 1942
4520 1943
4699 1944
4589 1944
2208 1945
4264 1946
2794 1948
2094 1948
2571 1949
4413 1949
4035 1950
4826 1951
2521 1954
3863 1957
3439 1958
2790 1959
4173 1961
2193 1962
2073 1963
3103 1965
3670 1967
4921 1968
3569 1971
2610 1972
4488 1974
3375 1975
3701 1979
3022 1981
4135 1984
4545 1985
4078 1985
4187 1986
4249 1995
3627 1995
2650 1996
3269 1997
3899 1999
2016 2000
4100 2000
2410 2004
2042 2006
3620 2006
3849 2009
2270 2009
3654 2011
3618 2012
4447 2012
3904 2013
4842 2013
2194 2014
3702 2015
3215 2017
4729 2025
2477 2028
4294 2028
3878 2033
4772 2035
3255 2035
2673 2038
4232 2039
3710 2041
4770 2042
3425 2043
4692 2044
2540 2046
4140 2048
4788 2051
3972 2051
2857 2053
4630 2054
4351 2056
3028 2057
3608 2064
2777 2064
2994 2066
2793 2069
3878 2070
3176 2071
2799 2071
4256 2084
3185 2084
4619 2084
3166 2085
3648 2087
3251 2089
3472 2096
3549 2099
4675 2106
3558 2107
2290 2110
2203 2112
4320 2114
4099 2116
4307 2116
2961 2116
4099 2117
3403 2119
2362 2130
3222 2135
4599 2135
4277 2137
4487 2137
4131 2139
3504 2140
2406 2142
4659 2146
2837 2149
4473 2153
3194 2156
4959 2158
4363 2161
2535 2170
3332 2172
2940 2173
2304 2174
4901 2175
3370 2178
4257 2179
3047 2180
3080 2184
4602 2184
3468 2185
3690 2187
4858 2188
4941 2190
2697 2192
2955 2194
4857 2202
3019 2205
3591 2207
4632 2208
2393 2218
3415 2218
2967 2219
2275 2222
2298 2229
2490 2233
3735 2233
4769 2235
2512 2239
2797 2239
4522 2240
2856 2244
4214 2244
4277 2246
2360 2247
3425 2247
4800 2255
3099 2255
4715 2258
3614 2261
4834 2264
4411 2267
3343 2267
2465 2274
3270 2274
3999 2279
4489 2281
3074 2282
2395 2282
4813 2282
4874 2283
3080 2284
3568 2285
2352 2291
3734 2293
2604 2294
2606 2294
2787 2295
2608 2297
3233 2305
4968 2309
4670 2313
4136 2314
4240 2314
4046 2315
3016 2316
4809 2327
3131 2327
3860 2329
3589 2329
4953 2341
3361 2346
4926 2352
2881 2354
4053 2357
4062 2358
4293 2361
2809 2362
2520 2365
4530 2368
3433 2369
2901 2370
2728 2372
4674 2373
2945 2374
3605 2376
2705 2377
3487 2383
3804 2386
3222 2395
4564 2399
3957 2399
4355 2401
4861 2401
3605 2403
2640 2404
4995 2408
4550 2409
2788 2410
4527 2411
4319 2416
4025 2421
3210 2421
3629 2421
2733 2423
2705 2426
3133 2429
3712 2434
3883 2434
3451 2438
4488 2439
3593 2441
4462 2441
4627 2448
3935 2456
4937 2459
2555 2459
4036 2461
4186 2462
3588 2466
4130 2467
4585 2469
4079 2471
3031 2473
2659 2475
2991 2478
3499 2479
3482 2483
3389 2484
2541 2488
4175 2492
4040 2497
4424 2499
3555 2500
3454 2501
3808 2502
4194 2505
4266 2507
2846 2511
4847 2512
3239 2517
4121 2523
3169 2526
3170 2526
4993 2528
4533 2528
2600 2531
4647 2532
3703 2535
3056 2551
3277 2552
4039 2553
3055 2554
4594 2556
3155 2559
3327 2560
2677 2561
4450 2565
4585 2569
4910 2569
2999 2570
4642 2573
4343 2583
4161 2586
3506 2588
2601 2596
4076 2599
3798 2599
3387 2603
4290 2605
3798 2607
3198 2607
3753 2610
4416 2611
3280 2618
3768 2622
4999 2625
3725 2628
4596 2634
2861 2636
4221 2642
4366 2646
4160 2650
3486 2653
3943 2655
4592 2658
3402 2665
3570 2666
4688 2675
4856 2675
2909 2677
3162 2678
2847 2679
4327 2682
2833 2687
3470 2688
4293 2695
4706 2696
2963 2697
3676 2699
4723 2705
2908 2706
4450 2710
3674 2716
4926 2716
4044 2719
4069 2725
4334 2726
4687 2733
4717 2738
2833 2740
4001 2740
3469 2741
3295 2742
4597 2743
4762 2744
3571 2745
3399 2749
4267 2750
3932 2754
3763 2762
3227 2776
3632 2778
3511 2780
3961 2781
2957 2783
4056 2786
4911 2792
3967 2795
4530 2798
4998 2800
4848 2806
3693 2808
4796 2809
3596 2810
3287 2810
3982 2811
3362 2814
4572 2820
3753 2826
3920 2831
3868 2831
4817 2832
4966 2839
3003 2841
3757 2859
4656 2861
4305 2864
4331 2866
3941 2873
3769 2876
3061 2879
4462 2887
3426 2888
4798 2888
4574 2891
4309 2892
3401 2897
3507 2907
4899 2909
3293 2909
4939 2911
4763 2915
3104 2924
4350 2925
4999 2927
4084 2930
3112 2931
3672 2933
2992 2938
3836 2938
4159 2951
4455 2952
3573 2956
4615 2958
4754 2959
4324 2963
4158 2963
3956 2965
4341 2970
3043 2971
3927 2988
4733 2989
3850 2993
3414 2997
4249 3000
4273 3005
3013 3012
3307 3013
4831 3014
3884 3015
4165 3015
4253 3015
3259 3020
3830 3024
3970 3030
3342 3031
4340 3044
4840 3046
3431 3046
4850 3050
4929 3051
3518 3056
4341 3058
3459 3060
4715 3062
4402 3065
3204 3065
3638 3065
3493 3066
4634 3068
4486 3074
3179 3077
3610 3080
4699 3087
3945 3093
4040 3107
4732 3109
3902 3111
3882 3117
4831 3126
4215 3131
4503 3133
3151 3136
3247 3138
3900 3149
4474 3150
3482 3151
3839 3154
4861 3156
4187 3157
3807 3157
4254 3160
3349 3162
4114 3164
3402 3165
3254 3167
4257 3169
4128 3172
4323 3173
4895 3176
3867 3183
3463 3183
3618 3190
4708 3209
4852 3210
4844 3214
4648 3216
3612 3216
4485 3231
3711 3231
3680 3232
4404 3232
4445 3232
4648 3233
4867 3233
3509 3239
4140 3240
4989 3244
4448 3245
3449 3251
4091 3253
4354 3258
3597 3281
4367 3283
3571 3288
4218 3289
4758 3292
3384 3302
4316 3304
4054 3308
3772 3310
3573 3329
3414 3340
4158 3346
4476 3347
3806 3349
4640 3353
3492 3356
3861 3372
4963 3377
4931 3378
3654 3383
4224 3384
4592 3391
3513 3393
3676 3393
4631 3400
4336 3404
4959 3405
4612 3407
3691 3408
4016 3417
4395 3417
3767 3423
4460 3425
4986 3430
3864 3431
4704 3431
3865 3435
4272 3439
4601 3443
4976 3444
4205 3445
4425 3447
3834 3448
3580 3449
4504 3466
3700 3474
4630 3481
3642 3484
3565 3493
4936 3497
4960 3502
4146 3504
4712 3509
4283 3514
4649 3516
4972 3522
4451 3523
4541 3525
3964 3530
4033 3543
4987 3545
3975 3548
3650 3549
3618 3550
4003 3559
3984 3565
3941 3565
3659 3567
4508 3577
4131 3583
3980 3583
4756 3586
3872 3593
3935 3593
4589 3604
3760 3624
3869 3625
4736 3628
4493 3636
4901 3636
4333 3641
3686 3642
4185 3643
4743 3647
3910 3654
4374 3655
3946 3659
3965 3661
4418 3662
4731 3669
4036 3674
4562 3677
4491 3691
4611 3697
3884 3698
4013 3700
4014 3701
4563 3707
4788 3711
3876 3712
4050 3712
3823 3742
4105 3750
3898 3751
4398 3756
4218 3757
4969 3762
4970 3770
4894 3774
4394 3778
4681 3786
3941 3789
4005 3791
4015 3791
3809 3803
4499 3806
4297 3812
3922 3814
4659 3815
4223 3827
4702 3845
4701 3848
4826 3851
3894 3859
4577 3865
3987 3865
4209 3870
4022 3872
4884 3877
4880 3878
4533 3885
4088 3887
4498 3890
4544 3900
4620 3900
4520 3909
4091 3911
4629 3911
4628 3913
3985 3915
4035 3918
4216 3947
4025 3950
4712 3954
4916 3954
4635 3956
4184 3957
4701 3977
4857 3983
4705 3992
4184 3998
4743 3999
4636 4001
4786 4002
4115 4003
4512 4014
4418 4016
4615 4016
4654 4029
4978 4042
4772 4044
4879 4045
4173 4061
4726 4075
4905 4076
4472 4105
4403 4119
4238 4122
4523 4126
4831 4142
4450 4143
4284 4145
4171 4155
4504 4180
4961 4188
4717 4199
4558 4202
4490 4207
4823 4208
4718 4213
4392 4234
4296 4240
4686 4257
4321 4258
4726 4277
4637 4287
4655 4294
4432 4299
4399 4314
4683 4334
4738 4339
4804 4346
4537 4355
4437 4364
4386 4370
4817 4384
4481 4397
4611 4398
4899 4399
4603 4429
4687 4437
4915 4452
4518 4455
4822 4458
4752 4461
4833 4476
4561 4498
4832 4526
4703 4527
4852 4575
4880 4586
4862 4598
4683 4636
4752 4639
4863 4664
4787 4694
4726 4694
4801 4721
4817 4727
4834 4741
4887 4761
4992 4800
4931 4836
4992 4864
4935 4870
4925 4892
4977 4909
