0 451.622894
1 687.804810
2 497.464569
3 400.110443
4 444.048645
5 531.837585
6 281.693634
7 362.031494
8 460.446442
9 571.950500
10 541.298096
11 573.422241
12 421.775238
13 657.596069
14 631.062195
15 526.341248
16 441.335419
17 601.919800
18 442.144257
19 558.678467
20 978.714600
21 369.604279
22 568.585144
23 491.752289
24 729.553955
25 493.170959
26 668.984192
27 409.492798
28 515.795532
29 475.777100
30 665.225891
31 575.731140
32 594.720398
33 513.538025
34 313.520355
35 524.236328
36 660.308350
37 520.270142
38 469.748657
39 241.294922
40 724.168640
41 581.917725
42 388.146179
43 463.364716
44 341.634644
45 407.103607
46 673.370117
47 443.652679
48 599.597656
49 452.622681
50 493.128418
51 520.354187
52 506.003113
53 438.169403
54 294.002869
55 527.281799
56 620.893555
57 385.812134
58 351.494354
59 350.877594
60 368.982941
61 639.030151
62 522.169373
63 381.629547
64 370.682220
65 506.435455
66 447.972412
67 540.580933
68 511.140625
69 261.058594
70 411.433441
71 613.524292
72 398.618317
73 595.047791
74 610.945984
75 351.600708
76 513.373901
77 472.301849
78 560.174622
79 460.705719
80 360.354706
81 444.013092
82 366.219025
83 528.294556
84 498.400665
85 445.063019
86 445.366028
87 450.955963
88 342.629517
89 572.700195
90 415.767242
91 505.547302
92 471.973297
93 391.529846
94 444.536987
95 339.670715
96 852.815125
97 612.205139
98 388.972046
99 253.000595
100 634.283997
101 280.318970
102 575.888245
103 473.093903
104 532.811157
105 581.772095
106 480.858582
107 396.397766
108 365.955139
109 429.992889
110 439.108856
111 306.484680
112 293.044678
113 725.593018
114 539.594727
115 631.344482
116 364.722992
117 478.655151
118 357.547791
119 629.964478
120 641.316711
121 564.655945
122 533.033936
123 519.917786
124 319.402557
125 443.053802
126 454.429016
127 602.712402
128 558.959473
129 550.166321
130 513.368469
131 276.873260
132 515.971069
133 793.100647
134 285.293365
135 630.929932
136 417.535767
137 501.302307
138 445.904114
139 494.997009
140 335.633240
141 321.177490
142 385.062103
143 511.313599
144 459.803986
145 659.428284
146 496.881470
147 645.620300
148 502.435913
149 415.549011
150 625.340271
151 418.405426
152 568.943054
153 622.630493
154 454.665863
155 650.361511
156 479.891693
157 515.223145
158 331.384369
159 533.533081
160 718.396545
161 558.005371
162 573.756897
163 431.709534
164 427.824066
165 451.588104
166 454.014832
167 580.053345
168 444.852631
169 490.940094
170 642.417847
171 493.128906
172 569.513123
173 668.994568
174 296.406525
175 608.200684
176 446.922546
177 494.422241
178 503.732727
179 484.456177
180 432.859772
181 592.544189
182 334.955719
183 274.115051
184 568.686768
185 269.984650
186 477.067413
187 837.917847
188 394.411102
189 384.957245
190 224.315292
191 628.908081
192 356.235626
193 535.987122
194 543.799988
195 443.739594
196 539.254639
197 569.571167
198 274.343506
199 608.239685
200 719.433655
201 470.479431
202 579.257202
203 578.575073
204 373.243073
205 512.752075
206 407.063019
207 402.254120
208 270.945251
209 596.332397
210 295.573334
211 292.919128
212 619.927246
213 476.485931
214 691.675720
215 746.286316
216 467.548248
217 269.134399
218 447.265930
219 368.385773
220 627.526184
221 368.447723
222 441.230408
223 285.965271
224 574.089539
225 382.312775
226 550.627075
227 483.625885
228 262.813385
229 305.261841
230 602.761780
231 381.637939
232 409.272583
233 417.388062
234 580.082336
235 398.841248
236 611.906067
237 401.348175
238 480.851013
239 552.651245
240 213.950348
241 506.951874
242 433.905731
243 403.844696
244 574.619385
245 468.669281
246 322.240692
247 309.609924
248 270.557007
249 450.645447
250 466.813263
251 480.157928
252 343.556061
253 319.672180
254 513.299194
255 464.998077
256 531.759155
257 509.370178
258 387.695923
259 736.107544
260 376.800293
261 755.238525
262 501.039124
263 574.604675
264 286.438141
265 466.941101
266 478.468842
267 471.174408
268 360.483307
269 319.567352
270 339.033875
271 438.143311
272 385.791931
273 307.175842
274 528.067993
275 474.962982
276 518.680847
277 524.040588
278 344.015533
279 747.450195
280 456.328308
281 365.252838
282 480.387085
283 327.771698
284 519.054504
285 485.152924
286 368.342468
287 558.294678
288 389.724213
289 583.082153
290 249.847214
291 378.779388
292 467.975067
293 845.754761
294 687.023071
295 384.876709
296 599.800842
297 598.290588
298 442.810425
299 638.883545
300 302.403259
301 558.503540
302 409.945251
303 403.234467
304 511.061981
305 726.077209
306 796.367310
307 534.204956
308 637.623901
309 426.722412
310 376.910522
311 581.518738
312 429.923615
313 258.774017
314 594.261963
315 349.408630
316 380.394623
317 658.614929
318 362.694336
319 734.263428
320 418.436798
321 588.836487
322 426.827850
323 397.515808
324 441.286224
325 514.764221
326 601.434692
327 362.498993
328 430.727417
329 491.479950
330 280.231262
331 454.483398
332 427.029938
333 526.978638
334 290.412506
335 740.446289
336 520.995239
337 498.774841
338 289.035004
339 494.138092
340 425.279999
341 424.122345
342 437.485626
343 584.264038
344 494.165924
345 561.749329
346 648.277954
347 459.969818
348 814.135010
349 483.920990
350 489.389313
351 530.234070
352 337.687103
353 597.505859
354 595.429077
355 525.385864
356 278.727142
357 538.066589
358 648.952576
359 384.100372
360 395.148071
361 573.614685
362 380.507233
363 447.493958
364 565.738831
365 425.612640
366 213.059143
367 679.306885
368 576.456116
369 300.966522
370 567.870972
371 638.600952
372 483.177216
373 356.732056
374 382.204376
375 396.262787
376 367.622711
377 476.627319
378 514.980591
379 571.636169
380 267.668823
381 261.507111
382 419.699707
383 704.367310
384 484.891205
385 341.704376
386 425.006439
387 746.842712
388 407.026184
389 468.630951
390 353.199432
391 360.267517
392 480.221649
393 397.211853
394 483.529694
395 545.837524
396 459.533020
397 315.519440
398 488.244232
399 421.479706
400 506.939117
401 530.948547
402 502.753296
403 676.187439
404 605.419617
405 507.848450
406 515.222595
407 421.830750
408 517.419861
409 470.827881
410 511.140259
411 476.709442
412 362.641357
413 440.296509
414 491.426727
415 559.176636
416 315.221130
417 266.562164
418 766.162354
419 327.242645
420 342.110291
421 445.288666
422 542.591003
423 365.323303
424 607.816040
425 573.220276
426 609.457214
427 440.830322
428 467.561188
429 424.417816
430 386.400940
431 356.112976
432 541.066162
433 470.811035
434 278.752228
435 540.025757
436 488.140442
437 216.258499
438 557.301331
439 459.445496
440 409.267944
441 485.667419
442 713.879395
443 282.048767
444 660.340576
445 281.193512
446 354.065460
447 599.923035
448 732.836426
449 395.855713
450 534.122742
451 431.049591
452 507.601013
453 390.689575
454 372.441132
455 438.324646
456 402.290710
457 330.171387
458 645.565735
459 364.514465
460 521.672241
461 614.235474
462 431.341278
463 452.490875
464 400.254639
465 384.656464
466 702.909729
467 395.845947
468 413.372528
469 413.675873
470 437.160675
471 420.560974
472 396.426758
473 445.383942
474 305.978546
475 690.644775
476 648.585449
477 386.258331
478 354.492188
479 471.952942
480 479.664490
481 288.135620
482 605.252869
483 488.358612
484 475.833618
485 605.377686
486 457.929657
487 438.902618
488 716.577698
489 676.507690
490 552.066223
491 583.505981
492 532.777222
493 277.279022
494 527.777222
495 784.877686
496 690.441406
497 418.231903
498 676.166626
499 496.414459
500 306.416901
501 515.971313
502 296.666412
503 366.650604
504 472.043152
505 385.168701
506 449.965210
507 564.845459
508 438.210388
509 262.568970
510 582.813049
511 599.826843
512 435.554779
513 427.047272
514 488.451447
515 266.925262
516 751.006531
517 450.519043
518 472.203430
519 415.832397
520 423.834625
521 609.374695
522 532.577942
523 591.418335
524 538.345520
525 487.873260
526 500.494629
527 434.290009
528 573.479065
529 343.415741
530 235.507111
531 425.974792
532 446.265625
533 596.194397
534 419.256378
535 350.362183
536 530.570984
537 369.599762
538 298.708405
539 342.232391
540 459.301849
541 457.390564
542 300.645874
543 671.975159
544 453.795288
545 652.417542
546 522.658020
547 453.850769
548 474.990326
549 519.287476
550 637.609558
551 463.206909
552 527.457764
553 586.774231
554 463.149719
555 642.793640
556 508.287354
557 437.810303
558 671.727478
559 555.939941
560 747.561218
561 523.121765
562 570.615295
563 436.662598
564 617.894226
565 425.226929
566 437.560669
567 473.087250
568 328.659882
569 430.864288
570 779.177673
571 438.421631
572 429.401794
573 429.737732
574 927.032410
575 478.566406
576 502.254974
577 225.758362
578 433.734924
579 546.253357
580 557.279602
581 641.108765
582 651.276489
583 304.888184
584 636.329102
585 421.976013
586 437.980438
587 350.332092
588 429.226532
589 398.596313
590 614.909119
591 280.612457
592 473.950134
593 670.154541
594 380.181915
595 326.146362
596 494.484283
597 293.143097
598 255.096176
599 443.985657
600 301.448761
601 483.039978
602 413.523590
603 395.739166
604 540.598694
605 372.639862
606 406.385803
607 341.656342
608 410.758331
609 907.767456
610 563.274231
611 413.682373
612 545.938538
613 400.658264
614 425.002869
615 428.209412
616 413.371307
617 432.510193
618 531.899536
619 440.033081
620 361.054596
621 540.846802
622 540.289490
623 682.059998
624 413.714996
625 673.669617
626 436.894165
627 264.423615
628 460.754456
629 403.088623
630 381.809479
631 282.143951
632 483.315796
633 438.540344
634 424.572815
635 696.618774
636 632.343994
637 526.971313
638 343.729370
639 573.549072
640 311.543732
641 479.961182
642 586.294006
643 351.657318
644 569.684570
645 401.519501
646 498.002228
647 684.693726
648 491.675873
649 475.458832
650 351.683960
651 462.342529
652 316.178955
653 907.135132
654 433.689972
655 482.379669
656 456.999634
657 472.120911
658 469.838013
659 392.756439
660 588.585693
661 523.226440
662 514.735840
663 489.962524
664 500.841461
665 506.065765
666 307.175812
667 489.486938
668 386.194397
669 523.219421
670 475.109009
671 449.456116
672 468.904968
673 374.450714
674 423.686615
675 348.428040
676 644.566345
677 357.310669
678 419.779419
679 276.800323
680 624.155823
681 578.693420
682 600.525024
683 512.188354
684 389.591339
685 621.700073
686 333.569183
687 430.196472
688 342.059662
689 604.150208
690 462.851379
691 435.091888
692 470.255280
693 416.422913
694 257.134277
695 384.783691
696 454.466492
697 375.311127
698 374.029999
699 527.944702
700 432.954102
701 636.543335
702 456.247192
703 426.009430
704 342.352417
705 551.688354
706 329.190704
707 483.802979
708 363.047424
709 368.082367
710 456.399048
711 456.503967
712 642.327026
713 421.050140
714 277.534149
715 554.897766
716 1026.500488
717 497.897736
718 518.136719
719 307.201477
720 606.969727
721 417.990112
722 474.934418
723 672.656677
724 749.539001
725 317.834747
726 455.736328
727 301.195007
728 618.712524
729 739.106018
730 359.971283
731 424.008057
732 382.170044
733 481.672424
734 393.517426
735 414.969238
736 429.904358
737 261.493866
738 507.372559
739 562.812073
740 376.627960
741 339.368713
742 476.577393
743 685.970886
744 634.867554
745 390.514008
746 434.154938
747 388.361969
748 578.509277
749 410.349823
750 342.718628
751 449.741211
752 390.152649
753 428.146912
754 316.372284
755 385.108826
756 639.449707
757 516.662964
758 601.451416
759 566.971924
760 410.278748
761 382.701965
762 706.599487
763 634.267395
764 598.498413
765 439.990295
766 488.953949
767 387.411285
768 506.983521
769 349.578674
770 469.244995
771 501.329620
772 459.890045
773 501.656219
774 526.253967
775 285.963623
776 758.339661
777 283.484070
778 460.707458
779 312.935852
780 552.748169
781 430.325043
782 886.787231
783 658.185791
784 617.011719
785 582.158203
786 375.777527
787 627.488953
788 669.965210
789 476.696259
790 846.553467
791 301.275726
792 500.062012
793 558.130249
794 449.520996
795 531.945129
796 482.801514
797 507.583130
798 591.555969
799 552.133728
800 292.942780
801 300.332489
802 556.622131
803 491.911530
804 455.204956
805 418.990997
806 416.279572
807 671.704346
808 473.313324
809 685.579285
810 483.442139
811 604.336670
812 448.180573
813 368.030121
814 538.966309
815 428.479187
816 324.858246
817 349.763214
818 556.424927
819 408.293549
820 557.733276
821 481.520294
822 465.100128
823 552.928772
824 464.086975
825 313.495056
826 586.221802
827 419.437073
828 470.174103
829 660.911316
830 527.771729
831 427.320007
832 380.649963
833 279.300537
834 494.777405
835 508.839600
836 261.867798
837 580.692139
838 417.818970
839 420.737213
840 447.014557
841 526.810181
842 633.891785
843 587.666443
844 711.231934
845 263.710052
846 482.096893
847 454.536316
848 196.373001
849 862.344421
850 576.542480
851 385.835327
852 353.328857
853 554.827515
854 574.956543
855 382.096985
856 442.871521
857 594.409973
858 634.775024
859 380.424713
860 508.822083
861 310.960541
862 754.081665
863 509.278534
864 420.037231
865 449.145691
866 526.413025
867 411.602661
868 600.019287
869 310.212738
870 472.422882
871 576.650757
872 476.488647
873 592.511719
874 409.036438
875 489.502991
876 625.211365
877 431.726868
878 378.864197
879 292.371033
880 416.705719
881 545.597534
882 307.049683
883 287.968048
884 386.426331
885 587.925537
886 619.511658
887 642.330078
888 409.079590
889 404.566345
890 414.143127
891 522.654602
892 350.366638
893 649.708008
894 692.552185
895 423.871063
896 585.460327
897 373.657471
898 686.385010
899 466.653625
900 455.095093
901 472.621002
902 694.953674
903 497.191895
904 558.400452
905 451.639465
906 737.353394
907 282.166656
908 646.850647
909 433.419891
910 456.334320
911 495.758392
912 480.153809
913 547.764160
914 336.721283
915 620.052124
916 477.349823
917 348.680328
918 411.279266
919 466.833160
920 254.208282
921 535.863098
922 441.188934
923 453.690277
924 381.789886
925 444.500916
926 592.364258
927 490.465271
928 526.556274
929 475.237457
930 617.604858
931 544.733032
932 495.552002
933 688.717957
934 338.538177
935 369.023987
936 316.419464
937 535.671936
938 351.575287
939 579.310425
940 516.649170
941 695.409058
942 694.221375
943 698.439941
944 676.017334
945 575.351746
946 505.185211
947 502.088654
948 589.625122
949 315.201599
950 535.945068
951 349.872009
952 366.227814
953 477.478455
954 278.760254
955 391.313721
956 419.729248
957 510.174896
958 588.976257
959 414.165680
960 440.461639
961 424.109558
962 534.337036
963 391.459473
964 307.446594
965 646.676880
966 604.523071
967 585.187439
968 537.307983
969 483.906525
970 452.507080
971 688.531067
972 610.553833
973 704.765930
974 498.095795
975 547.177917
976 407.408356
977 574.842285
978 505.014130
979 430.036835
980 747.689636
981 605.430420
982 419.100464
983 426.009064
984 551.413452
985 381.593536
986 596.871826
987 626.897522
988 403.267365
989 381.575165
990 385.191101
991 501.571808
992 421.982147
993 498.929321
994 606.091980
995 461.896179
996 340.044708
997 628.296936
998 341.155975
999 634.431274
