0 10087.026367
1 15673.012695
2 8196.069336
3 9003.961914
4 8210.380859
5 5895.968750
6 9259.721680
7 5596.531250
8 4221.253418
9 2413.574463
10 6073.625977
11 4142.085938
12 8015.794922
13 12775.523438
14 4064.467529
15 4715.635254
16 6302.016602
17 8124.417969
18 4557.056641
19 4164.604004
20 6110.490234
21 15297.784180
22 14801.836914
23 11351.998047
24 4894.254883
25 4121.376465
26 10713.774414
27 4531.892578
28 6794.002441
29 3199.738770
30 11752.672852
31 1347.827881
32 6540.297363
33 5118.411133
34 8215.435547
35 9898.210938
36 5530.492188
37 3941.007568
38 9070.291016
39 16576.183594
40 7250.624512
41 5077.620117
42 2569.957031
43 6381.315430
44 8971.929688
45 5077.092773
46 3449.575928
47 9153.489258
48 8000.862305
49 9993.844727
50 14406.967773
51 3994.997314
52 2606.204102
53 6820.237793
54 13627.479492
55 1949.797363
56 4645.437988
57 3997.299805
58 2767.556885
59 1355.653931
60 6041.767578
61 5549.419922
62 6881.779785
63 7168.250000
64 5987.994141
65 9331.357422
66 6103.365234
67 3943.079102
68 3549.265625
69 5087.797852
70 4781.855469
71 9236.622070
72 10502.299805
73 12093.863281
74 609.427368
75 3296.548828
76 6893.492188
77 3181.426758
78 1831.843384
79 11442.677734
80 8044.237793
81 3011.791260
82 3956.144043
83 2996.022949
84 6784.816406
85 4326.067871
86 5446.351074
87 10032.239258
88 2686.433838
89 10075.837891
90 2999.671875
91 811.530334
92 7120.241211
93 7786.045410
94 3121.378906
95 7773.819336
96 4448.005371
97 2390.585205
98 3545.980469
99 12069.209961
100 899.729126
101 4965.158203
102 8730.793945
103 3367.112549
104 3437.150146
105 3739.341064
106 5846.404785
107 14675.548828
108 8471.856445
109 7308.265137
110 12528.291992
111 4387.655762
112 2089.264893
113 6122.530273
114 17189.212891
115 5507.251465
116 2293.119873
117 6064.142090
118 3644.935059
119 6987.980469
120 3190.864258
121 3130.859375
122 8670.693359
123 5433.461426
124 987.399841
125 13859.812500
126 10470.674805
127 11940.140625
128 4191.354004
129 4980.605957
130 8257.902344
131 2558.697510
132 7980.758789
133 2463.556152
134 6959.993164
135 8766.368164
136 10411.720703
137 4978.878906
138 11319.229492
139 3836.138428
140 4719.509766
141 4993.925781
142 17899.199219
143 14721.700195
144 11574.427734
145 6314.583008
146 5529.915039
147 6349.611816
148 5982.039062
149 5867.186035
150 1766.724365
151 6747.579102
152 4108.446777
153 1548.199097
154 4907.866211
155 3846.349854
156 1898.276611
157 3228.078369
158 3081.528076
159 4219.544434
160 4304.105469
161 15185.956055
162 13357.253906
163 14892.792969
164 7887.432129
165 3918.314697
166 13037.163086
167 4168.471680
168 12787.914062
169 4236.796387
170 2187.011963
171 7428.002441
172 3107.537109
173 5154.978027
174 7120.310547
175 15195.049805
176 551.648804
177 5557.044922
178 6436.380371
179 9801.102539
180 10897.309570
181 3327.201660
182 5242.188965
183 6897.994141
184 2746.075195
185 3165.360596
186 7251.856934
187 1917.241333
188 10913.789062
189 3012.025635
190 13122.556641
191 9945.736328
192 7525.709473
193 13108.055664
194 11323.833008
195 4094.470703
196 11050.180664
197 1793.914673
198 8462.005859
199 4519.948730
200 9899.958984
201 4648.106934
202 10251.598633
203 4917.806641
204 5821.013672
205 3107.761230
206 11954.487305
207 1969.484131
208 9333.054688
209 3138.241455
210 7079.400879
211 1428.549194
212 11981.297852
213 3589.410645
214 6951.472168
215 3833.483643
216 6358.032227
217 7529.160156
218 4833.415527
219 4789.294434
220 6608.099609
221 9265.175781
222 12566.436523
223 3639.811279
224 13071.436523
225 11412.353516
226 8476.770508
227 3463.872314
228 2478.593994
229 2470.537354
230 4844.165527
231 3004.418457
232 8326.746094
233 7709.800781
234 8958.408203
235 4069.298584
236 7141.592773
237 960.731140
238 8553.757812
239 3216.047119
240 832.738281
241 4053.045898
242 4517.598633
243 3020.025879
244 4695.359863
245 7494.691406
246 5387.840332
247 5398.077637
248 13647.371094
249 7870.535156
250 8047.797852
251 2067.014160
252 6149.987305
253 8966.596680
254 9474.702148
255 6662.395508
256 3706.456787
257 3298.842285
258 2188.468018
259 16274.707031
260 6668.484375
261 5974.863281
262 4976.255371
263 953.644043
264 6335.658691
265 7746.538574
266 1983.407104
267 11121.415039
268 10795.578125
269 4986.387695
270 1365.819580
271 459.249390
272 4966.604980
273 9498.400391
274 2411.558105
275 3119.707031
276 9089.473633
277 997.260864
278 2789.409180
279 7153.966797
280 10405.247070
281 9728.161133
282 10733.498047
283 12252.672852
284 6804.710449
285 8404.853516
286 3386.356201
287 3018.173828
288 8276.056641
289 6247.059570
290 1891.979004
291 4633.146484
292 13709.719727
293 9020.390625
294 5128.038574
295 3372.339600
296 8878.576172
297 2905.640625
298 10482.033203
299 5321.044434
300 2498.180420
301 4461.812012
302 4979.248047
303 2390.081787
304 5964.214844
305 6013.604004
306 4277.543945
307 1848.321655
308 3821.452881
309 6523.533691
310 4362.284180
311 4995.889160
312 9167.241211
313 5716.196289
314 10390.433594
315 2021.759399
316 2674.585693
317 9354.941406
318 4870.148438
319 2277.558105
320 9025.916016
321 12646.503906
322 4295.291992
323 2369.979980
324 8690.272461
325 4635.586914
326 4395.775879
327 7508.624023
328 6686.612793
329 13387.369141
330 6282.396484
331 3199.955811
332 4734.815918
333 12060.331055
334 3930.205322
335 7890.961914
336 2094.173584
337 562.361816
338 3509.990723
339 4565.434082
340 7148.170898
341 11197.127930
342 1590.170044
343 5052.128418
344 8245.425781
345 5516.290527
346 5906.065430
347 12139.586914
348 5373.910156
349 12799.651367
350 6289.868652
351 8773.802734
352 13759.301758
353 10180.590820
354 11307.406250
355 8013.989746
356 10214.881836
357 3607.364746
358 3693.850586
359 2539.227539
360 9538.987305
361 9335.440430
362 17351.117188
363 4757.228027
364 2976.536377
365 19653.066406
366 1281.801147
367 12108.346680
368 5282.214355
369 3859.896973
370 4545.323242
371 5626.781738
372 6290.299316
373 2881.873779
374 7632.756836
375 11340.639648
376 1461.770386
377 4106.303223
378 5607.898438
379 3053.988770
380 3666.130615
381 7548.637207
382 15905.553711
383 6913.851562
384 3252.984375
385 2981.361816
386 2749.107422
387 21623.240234
388 3292.105957
389 4745.266113
390 11268.711914
391 5840.308105
392 6941.062500
393 4677.192871
394 5612.453613
395 7216.707520
396 4507.390625
397 3724.904297
398 5586.294434
399 11706.918945
400 12036.228516
401 8611.533203
402 7579.279785
403 5877.104492
404 6681.730469
405 3913.309326
406 7136.137207
407 6857.899902
408 3717.739502
409 5072.377441
410 3723.808838
411 11861.288086
412 1858.947632
413 3099.911865
414 4698.799805
415 1911.082153
416 7578.772461
417 4003.354492
418 11726.737305
419 7185.974609
420 4348.822754
421 6239.342773
422 5954.440918
423 7120.752930
424 4053.033936
425 8026.708496
426 12822.592773
427 2007.775757
428 25266.281250
429 1735.826416
430 7217.948730
431 4931.187012
432 10510.143555
433 5802.561035
434 3394.322510
435 5608.801270
436 12343.255859
437 10231.826172
438 6039.082031
439 636.500732
440 6049.330078
441 3438.834229
442 2087.839600
443 3155.245117
444 5029.248047
445 2913.046143
446 26857.537109
447 4315.569824
448 4704.301270
449 8027.523438
450 14914.487305
451 9412.880859
452 4689.960938
453 4615.897949
454 1408.284668
455 10923.037109
456 17138.515625
457 8943.546875
458 6469.620117
459 10125.957031
460 5477.376465
461 8429.066406
462 7914.690430
463 16180.905273
464 6739.109375
465 10453.746094
466 1530.133545
467 8134.167969
468 3327.085205
469 1784.330078
470 3150.933350
471 8282.006836
472 4099.218750
473 3844.377930
474 16037.182617
475 9474.968750
476 11227.625977
477 13780.781250
478 7862.611328
479 6868.001465
480 6402.916016
481 2370.593994
482 16656.117188
483 6477.212402
484 2401.844482
485 9298.820312
486 4237.457520
487 11029.526367
488 1760.369385
489 908.140198
490 4020.834229
491 7956.858887
492 4533.539551
493 14034.804688
494 13765.247070
495 4485.562988
496 7839.985352
497 5616.476074
498 2694.585693
499 2278.325928
500 10008.500000
501 5996.265137
502 3641.782227
503 8400.260742
504 2745.477539
505 12738.517578
506 7190.937988
507 2333.309570
508 5727.672852
509 6968.292480
510 9717.250977
511 15112.583984
512 11713.179688
513 4388.270508
514 6919.819336
515 6663.145020
516 3250.563232
517 10241.821289
518 4556.949219
519 4477.619141
520 7864.614746
521 1154.007568
522 9166.570312
523 11024.905273
524 987.035522
525 9570.850586
526 6968.355469
527 3113.982178
528 9888.687500
529 2661.940186
530 7877.086426
531 14528.055664
532 4214.556152
533 1875.149414
534 2769.367676
535 4060.969482
536 9055.316406
537 15716.122070
538 10261.741211
539 8761.748047
540 1750.056274
541 2432.800537
542 14759.406250
543 4452.060059
544 4991.292480
545 1955.558838
546 482.305511
547 4012.924805
548 12966.036133
549 4458.866211
550 3056.794678
551 3197.759033
552 5257.993652
553 10298.219727
554 8269.966797
555 1833.472778
556 2546.892090
557 14004.869141
558 3388.567139
559 8404.349609
560 9364.203125
561 2596.520020
562 6320.829590
563 4075.462646
564 6193.421387
565 8622.795898
566 10343.641602
567 4816.020508
568 6252.173828
569 6740.560547
570 10515.268555
571 11531.414062
572 9991.341797
573 4763.904785
574 4008.689697
575 3046.696045
576 4987.850586
577 5111.146484
578 1554.416016
579 6521.188965
580 6842.982422
581 12721.214844
582 8232.240234
583 6157.144531
584 8333.142578
585 2634.797119
586 10400.429688
587 9832.842773
588 8274.218750
589 9194.387695
590 4739.792480
591 6060.520996
592 10864.939453
593 6649.735352
594 9110.309570
595 13108.667969
596 5810.139160
597 5412.917480
598 13593.668945
599 9022.965820
600 7548.616211
601 3352.047852
602 16838.300781
603 6683.879883
604 5562.178223
605 9715.159180
606 4749.888184
607 4694.380859
608 4258.998047
609 2628.622070
610 12596.539062
611 22072.150391
612 4891.737305
613 13112.709961
614 8150.035156
615 8446.798828
616 3660.731689
617 3299.775391
618 12445.345703
619 9722.347656
620 1212.928955
621 15561.639648
622 6102.550781
623 5429.557617
624 4535.215332
625 10011.676758
626 7679.408691
627 10702.056641
628 16787.970703
629 12915.580078
630 4948.911621
631 8939.617188
632 12622.931641
633 2454.963867
634 3825.121582
635 5228.043457
636 1956.924561
637 3927.155762
638 4282.807617
639 1484.420288
640 5917.096191
641 3473.918457
642 7874.282715
643 1846.903931
644 7621.239746
645 5033.472656
646 9085.044922
647 3896.893311
648 4928.273438
649 12442.303711
650 7132.202637
651 5155.478027
652 5377.335938
653 6734.240723
654 8790.406250
655 8559.781250
656 5157.720703
657 5745.050293
658 4813.477539
659 5804.473145
660 5603.020996
661 5082.551270
662 3767.486328
663 20530.947266
664 4047.765381
665 5520.628418
666 5954.455566
667 2457.340820
668 8584.571289
669 2646.000244
670 9883.778320
671 6746.950195
672 5514.502930
673 7524.805664
674 9129.262695
675 3391.584717
676 5742.074219
677 8681.030273
678 4882.308594
679 5998.302734
680 4334.446289
681 5551.849121
682 5696.574707
683 7825.194336
684 2075.577881
685 4805.976074
686 9074.203125
687 3165.427490
688 4404.747070
689 13241.615234
690 9177.197266
691 6982.165039
692 11929.154297
693 9943.196289
694 6997.524414
695 21868.492188
696 5755.732422
697 5543.820312
698 8924.783203
699 1829.145874
700 11471.441406
701 5252.913574
702 5457.317871
703 13053.438477
704 5241.220215
705 6748.665039
706 5033.624512
707 7855.896973
708 6639.599121
709 4257.729492
710 3290.823730
711 4834.642090
712 4997.133789
713 8382.305664
714 10249.776367
715 5043.610840
716 11594.520508
717 8848.694336
718 13458.170898
719 13042.984375
720 1277.485962
721 3321.111084
722 12393.533203
723 3514.493652
724 8033.186523
725 7209.683594
726 6235.194336
727 8838.808594
728 10306.798828
729 5685.553711
730 5713.586426
731 10334.065430
732 2507.721436
733 9606.005859
734 4815.857910
735 6012.931152
736 15902.410156
737 8716.441406
738 10940.330078
739 4568.085449
740 13139.584961
741 2365.541992
742 1671.497681
743 5244.700684
744 96.504234
745 2926.244141
746 7643.369629
747 1964.173462
748 7654.819824
749 3999.460938
750 12961.212891
751 10605.172852
752 12576.400391
753 7899.980469
754 4264.048828
755 16637.177734
756 9972.473633
757 21323.326172
758 5179.613281
759 2579.580811
760 8130.797852
761 7182.514648
762 7211.041992
763 4154.259277
764 17752.476562
765 7770.159180
766 6346.392090
767 8135.612793
768 9578.450195
769 8786.127930
770 4730.928223
771 1460.650024
772 9996.948242
773 6729.702148
774 6373.859863
775 4084.334961
776 8013.624512
777 17698.851562
778 9466.434570
779 5717.884277
780 8613.151367
781 3110.065186
782 3185.908203
783 6921.648926
784 8680.115234
785 10874.100586
786 14657.879883
787 5567.520508
788 3640.407227
789 7512.110352
790 4653.979492
791 5567.185059
792 8710.480469
793 4240.293945
794 12620.079102
795 5323.372070
796 7182.289062
797 8050.330078
798 7953.471680
799 2690.118896
800 3341.024658
801 6458.533691
802 7282.984863
803 4828.671387
804 12302.616211
805 2377.979492
806 3485.783447
807 3658.196533
808 8959.075195
809 3803.768555
810 10674.910156
811 13035.050781
812 10258.353516
813 8596.163086
814 11268.123047
815 3426.506348
816 17225.927734
817 7120.834473
818 18932.576172
819 1450.406006
820 6786.524414
821 3319.051270
822 3936.040283
823 2304.985596
824 7101.980957
825 2546.749268
826 5659.205078
827 3052.294678
828 7251.826660
829 4744.481934
830 13629.415039
831 10773.307617
832 19987.226562
833 7129.577637
834 4694.670410
835 19223.642578
836 12541.454102
837 5881.876465
838 1986.772949
839 2676.547607
840 6409.233887
841 7106.062012
842 4113.833496
843 11648.610352
844 6052.847656
845 2832.617920
846 3636.483398
847 1703.038818
848 5974.290527
849 7724.365723
850 2828.121582
851 8827.632812
852 4908.577637
853 4996.367188
854 3290.841309
855 13648.013672
856 15785.064453
857 11691.482422
858 6590.404785
859 8628.363281
860 3964.715576
861 11154.000977
862 5636.443848
863 8789.489258
864 4705.697266
865 4737.806152
866 7501.526855
867 5441.465332
868 12185.342773
869 5221.968262
870 5068.114746
871 5365.360352
872 7013.584961
873 15483.506836
874 8255.090820
875 5027.907227
876 5488.126465
877 4858.399414
878 2611.582031
879 3235.136475
880 6746.388672
881 6506.448242
882 9821.697266
883 5130.982910
884 5969.742188
885 10448.726562
886 6327.456055
887 3195.308105
888 12006.975586
889 3363.663086
890 2007.213867
891 4779.252441
892 5109.845703
893 12903.994141
894 4491.956055
895 4193.199707
896 10490.559570
897 5879.635254
898 5095.816895
899 7650.107422
900 1256.211304
901 3815.782471
902 1660.709106
903 962.220703
904 7335.801758
905 7744.019043
906 4562.905273
907 5566.529785
908 3140.605957
909 10957.519531
910 4865.117188
911 6889.708008
912 5623.553711
913 4120.500000
914 6349.063965
915 12715.833008
916 4119.773926
917 7592.648926
918 8391.824219
919 9644.956055
920 8355.331055
921 9091.078125
922 9088.683594
923 6104.565918
924 11815.266602
925 7468.875000
926 1791.573364
927 3281.355225
928 2614.107910
929 7847.665527
930 3613.670898
931 2490.596924
932 3698.629639
933 3789.968262
934 8253.893555
935 14324.826172
936 4730.019531
937 7078.647949
938 3052.546875
939 6868.542480
940 860.465454
941 2510.768555
942 4255.559570
943 3226.033691
944 7627.327637
945 5631.858398
946 7715.052734
947 5010.698242
948 6306.304688
949 4702.561035
950 6583.178223
951 9542.247070
952 3179.458496
953 1149.771851
954 243.033966
955 3303.243164
956 4275.142090
957 11126.951172
958 8140.142578
959 7126.510254
960 5858.014648
961 8037.810547
962 3066.658447
963 12712.959961
964 3062.490479
965 14457.243164
966 9731.655273
967 8439.595703
968 2422.842285
969 1922.956055
970 5549.998047
971 8412.549805
972 5475.760254
973 3116.299072
974 7535.638184
975 5483.161621
976 2373.405762
977 3133.122803
978 3169.016113
979 4263.656250
980 3776.035156
981 11775.611328
982 4595.375000
983 2451.639160
984 4781.607422
985 9051.935547
986 4753.315918
987 9385.007812
988 14599.298828
989 7971.495117
990 13888.002930
991 7535.053711
992 4312.349609
993 6734.332520
994 903.414551
995 7898.791504
996 5306.826660
997 9792.959961
998 7820.365234
999 5910.392578
1000 4773.880859
1001 6695.949219
1002 6671.767090
1003 9542.941406
1004 12831.341797
1005 5409.389648
1006 10888.307617
1007 4590.617676
1008 8026.711426
1009 10445.957031
1010 4543.927734
1011 1418.779541
1012 5340.753418
1013 7951.520020
1014 4503.109375
1015 6057.360840
1016 4895.068848
1017 4590.424805
1018 12124.107422
1019 4122.731445
1020 13137.480469
1021 4978.975098
1022 4697.200684
1023 5166.456055
1024 8643.314453
1025 7224.393066
1026 4949.796875
1027 14303.966797
1028 7162.174316
1029 3064.311035
1030 2781.468262
1031 3924.896240
1032 3073.109131
1033 7698.742188
1034 14387.725586
1035 1856.074585
1036 3313.351074
1037 2737.930420
1038 12538.553711
1039 11483.061523
1040 6237.676758
1041 256.733124
1042 9119.870117
1043 3316.270508
1044 10306.051758
1045 12806.833008
1046 4896.811523
1047 12183.522461
1048 5856.122559
1049 559.457214
1050 4705.289062
1051 8456.087891
1052 2006.477783
1053 7093.591797
1054 8712.262695
1055 2570.931396
1056 10040.393555
1057 3891.593506
1058 15390.749023
1059 4209.121094
1060 3300.029785
1061 7865.301758
1062 9366.521484
1063 10205.492188
1064 1209.086426
1065 21766.550781
1066 5543.788574
1067 8352.041992
1068 5864.782715
1069 2413.736816
1070 5376.250000
1071 2382.363037
1072 10839.516602
1073 7719.271973
1074 9151.803711
1075 6952.253418
1076 2707.986328
1077 9947.841797
1078 8202.531250
1079 16846.300781
1080 7097.190918
1081 14047.273438
1082 4126.346191
1083 8366.221680
1084 5071.653809
1085 1962.751709
1086 6081.817383
1087 9774.681641
1088 7653.569824
1089 7832.063965
1090 8094.574219
1091 2528.639648
1092 5331.941895
1093 8590.835938
1094 9062.656250
1095 10981.663086
1096 7646.657227
1097 3343.415283
1098 7945.933105
1099 4853.412598
1100 12783.267578
1101 5130.549316
1102 6913.259766
1103 3407.385742
1104 2899.320068
1105 5767.210938
1106 1701.698730
1107 9873.955078
1108 6315.157227
1109 1714.466431
1110 2197.698975
1111 2378.497559
1112 10257.685547
1113 15719.840820
1114 8116.167480
1115 3639.856445
1116 6433.934082
1117 5794.822754
1118 2669.268311
1119 3011.164551
1120 10914.768555
1121 9989.401367
1122 11033.401367
1123 3142.094482
1124 7089.841797
1125 4906.305664
1126 1310.007935
1127 8808.750977
1128 6984.836426
1129 11178.533203
1130 8935.616211
1131 6953.819824
1132 1797.828247
1133 6728.836914
1134 2573.845215
1135 2567.602051
1136 4205.037109
1137 8138.582031
1138 5792.611816
1139 8888.299805
1140 3418.261475
1141 4178.525879
1142 3069.586670
1143 10711.350586
1144 6629.817383
1145 5412.825195
1146 3817.196045
1147 8185.278320
1148 11347.655273
1149 4666.443848
1150 12568.541016
1151 3608.111816
1152 1348.740845
1153 3093.559082
1154 8438.786133
1155 16907.705078
1156 12352.008789
1157 4069.849121
1158 2693.902100
1159 3920.760498
1160 12144.032227
1161 7782.126465
1162 6985.574219
1163 4579.748535
1164 8945.381836
1165 5580.728516
1166 6333.078613
1167 3723.260742
1168 6033.226074
1169 7235.204102
1170 7439.315430
1171 7049.416992
1172 6467.054199
1173 2575.567139
1174 6557.236816
1175 12582.599609
1176 4148.468750
1177 2405.408203
1178 2501.316650
1179 5139.601562
1180 8329.100586
1181 4425.365723
1182 4012.349365
1183 5944.354492
1184 2615.956787
1185 6245.558105
1186 5522.616699
1187 7524.347168
1188 7068.999512
1189 1713.509277
1190 3314.418213
1191 8882.727539
1192 7069.400391
1193 5083.356934
1194 5574.083496
1195 14034.748047
1196 7500.516113
1197 4202.064941
1198 3270.108887
1199 2611.207764
1200 2712.569092
1201 4124.875977
1202 6517.222168
1203 8911.095703
1204 10613.784180
1205 4942.716797
1206 5760.768066
1207 7523.855957
1208 8967.996094
1209 6813.857910
1210 7574.798828
1211 2565.132568
1212 3046.737793
1213 18194.867188
1214 2395.426514
1215 5272.054199
1216 1983.791138
1217 12093.813477
1218 8883.224609
1219 9737.657227
1220 6703.791016
1221 5121.819336
1222 6664.130859
1223 9107.649414
1224 1677.418091
1225 16463.103516
1226 13138.640625
1227 7520.142090
1228 4623.868164
1229 8837.571289
1230 10258.877930
1231 12687.664062
1232 12535.325195
1233 7546.158691
1234 9056.689453
1235 4392.245117
1236 3805.981934
1237 2094.135498
1238 5336.739258
1239 11279.386719
1240 6684.577637
1241 5598.803223
1242 6726.926270
1243 4353.194824
1244 2977.493896
1245 6280.634766
1246 12908.823242
1247 2677.635254
1248 10865.635742
1249 2370.547119
1250 9203.096680
1251 7608.170410
1252 10305.276367
1253 10305.499023
1254 5472.657227
1255 4205.615234
1256 8339.496094
1257 9745.834961
1258 6097.161621
1259 5560.002441
1260 4669.794922
1261 4126.653320
1262 2125.919678
1263 6024.937012
1264 918.393677
1265 3979.751465
1266 2667.752441
1267 10565.205078
1268 6472.390625
1269 3677.720947
1270 2772.859131
1271 13879.479492
1272 4781.449707
1273 4978.079590
1274 7689.418945
1275 6451.233398
1276 6622.638672
1277 5504.835938
1278 5109.752441
1279 13437.256836
1280 11516.133789
1281 6109.949219
1282 12107.664062
1283 13481.896484
1284 11874.280273
1285 5370.163574
1286 1366.253784
1287 11033.058594
1288 4981.460938
1289 6036.495605
1290 3813.333252
1291 2561.227051
1292 10167.288086
1293 3229.026123
1294 4433.351562
1295 6544.068359
1296 6014.282715
1297 4243.976562
1298 5643.955078
1299 1477.839844
1300 3930.848633
1301 17107.167969
1302 9950.379883
1303 7792.959473
1304 3902.291992
1305 3085.448486
1306 5700.375977
1307 3205.929443
1308 5214.624512
1309 15644.396484
1310 3239.174561
1311 3859.205566
1312 9951.504883
1313 5808.787598
1314 4279.395996
1315 5738.778809
1316 4799.751953
1317 6633.433105
1318 4503.889648
1319 5326.435059
1320 9507.292969
1321 10688.574219
1322 6759.984863
1323 4842.488770
1324 4943.937012
1325 6340.296875
1326 12444.536133
1327 3653.898926
1328 6406.759766
1329 5121.976562
1330 4348.195312
1331 11869.799805
1332 3613.115723
1333 4951.268066
1334 5831.979492
1335 6451.045898
1336 9253.354492
1337 10250.932617
1338 21414.867188
1339 4909.956543
1340 6457.441895
1341 6947.443848
1342 5433.713379
1343 9316.676758
1344 14612.981445
1345 2681.242676
1346 4776.268555
1347 10091.134766
1348 8428.866211
1349 2423.288086
1350 5684.250000
1351 8288.861328
1352 6117.659180
1353 5807.159668
1354 8290.969727
1355 7716.881836
1356 8785.081055
1357 5614.525391
1358 12078.907227
1359 4702.160645
1360 9964.887695
1361 3120.663818
1362 16980.457031
1363 3921.781006
1364 3257.591553
1365 4079.072266
1366 5922.257812
1367 5013.719238
1368 1918.166748
1369 13119.166016
1370 1900.228516
1371 2725.012695
1372 9962.795898
1373 9791.326172
1374 5953.262207
1375 13931.836914
1376 6288.523438
1377 4926.347656
1378 11228.158203
1379 18801.025391
1380 5875.551270
1381 3916.623779
1382 3422.424072
1383 9265.081055
1384 5787.762207
1385 5776.127930
1386 2399.562988
1387 15931.413086
1388 2820.804932
1389 10079.548828
1390 7933.859375
1391 10766.701172
1392 2379.153564
1393 10354.822266
1394 3864.991699
1395 2854.197998
1396 6462.827148
1397 16658.679688
1398 7485.629883
1399 8982.339844
1400 8849.697266
1401 9134.445312
1402 7635.066406
1403 3436.660156
1404 11994.799805
1405 8947.665039
1406 9074.506836
1407 9997.361328
1408 5631.737305
1409 5118.118652
1410 4093.771484
1411 9960.638672
1412 7580.771484
1413 2524.775635
1414 4536.784668
1415 2363.453125
1416 3897.181152
1417 5917.900391
1418 9665.183594
1419 8281.921875
1420 5110.546875
1421 6256.021973
1422 7449.389160
1423 4639.933105
1424 1852.185913
1425 15291.831055
1426 8206.722656
1427 4344.075195
1428 4037.670166
1429 2868.986084
1430 7929.581543
1431 8742.409180
1432 3477.717041
1433 2535.175537
1434 6828.718262
1435 3949.799805
1436 880.767883
1437 7571.888184
1438 8850.433594
1439 12111.904297
1440 4870.299805
1441 8418.705078
1442 8998.231445
1443 4187.407715
1444 10220.244141
1445 7202.032227
1446 5964.692871
1447 3091.252197
1448 1997.614990
1449 7314.557129
1450 4177.222168
1451 4872.880859
1452 6619.825684
1453 3977.135010
1454 4271.083984
1455 6019.613770
1456 11466.459961
1457 11524.875000
1458 7916.675781
1459 2507.637939
1460 12806.760742
1461 1885.876709
1462 4918.277832
1463 7235.668945
1464 1816.821655
1465 3928.959229
1466 6581.850586
1467 5689.918945
1468 2610.672852
1469 11119.464844
1470 4252.578613
1471 3926.833008
1472 1335.311279
1473 1319.674683
1474 16266.611328
1475 11445.434570
1476 4257.086914
1477 17113.707031
1478 7491.023926
1479 8230.943359
1480 10097.830078
1481 6520.675293
1482 4370.229492
1483 4855.607422
1484 999.983643
1485 5388.733398
1486 4901.589844
1487 6032.498047
1488 3293.763184
1489 8959.934570
1490 4852.007812
1491 8096.004883
1492 3913.708984
1493 7069.500000
1494 4883.105469
1495 3093.091553
1496 2682.690186
1497 10789.588867
1498 12412.233398
1499 4349.275879
1500 5638.368652
1501 7954.054199
1502 8542.706055
1503 8782.969727
1504 7196.601562
1505 6586.489746
1506 7629.429688
1507 15546.407227
1508 3568.537842
1509 1902.293335
1510 5336.067383
1511 7831.651367
1512 5582.273926
1513 6415.937012
1514 2724.195068
1515 4484.062012
1516 7225.712402
1517 11360.311523
1518 4825.687012
1519 3938.473633
1520 3054.707275
1521 1851.478394
1522 11863.038086
1523 3761.386230
1524 13093.679688
1525 5831.053223
1526 3096.835693
1527 8638.735352
1528 4746.657715
1529 6873.124023
1530 7103.126953
1531 7999.821289
1532 7716.312500
1533 2568.337646
1534 6419.443359
1535 11458.408203
1536 2144.582031
1537 3130.822998
1538 6873.255859
1539 5687.805664
1540 10208.389648
1541 10336.717773
1542 7273.745117
1543 1801.698364
1544 3457.651123
1545 5526.965332
1546 13599.381836
1547 1839.658813
1548 7123.401367
1549 5863.398926
1550 3934.686768
1551 3159.971436
1552 2367.077393
1553 5462.444336
1554 8135.861816
1555 12086.744141
1556 9309.058594
1557 6766.817383
1558 17300.791016
1559 8029.102539
1560 3995.268799
1561 7860.812988
1562 5710.103516
1563 16354.841797
1564 4169.390625
1565 4455.400391
1566 1252.601318
1567 11521.837891
1568 9637.765625
1569 7133.107422
1570 3085.587402
1571 5843.789062
1572 13278.130859
1573 9288.532227
1574 1892.435059
1575 5772.553223
1576 10448.726562
1577 10770.795898
1578 3581.188721
1579 5720.516602
1580 19582.351562
1581 4962.491211
1582 6283.349121
1583 791.715515
1584 12602.177734
1585 6247.856934
1586 9875.607422
1587 9776.521484
1588 4917.326172
1589 3703.109131
1590 2471.812500
1591 6309.559082
1592 2594.207275
1593 2334.411865
1594 2478.402832
1595 7615.566895
1596 4243.569336
1597 2253.803467
1598 8029.848145
1599 4593.208008
1600 5564.438477
1601 5212.895996
1602 9123.336914
1603 3356.344482
1604 10094.063477
1605 3249.544922
1606 6750.483887
1607 6994.263184
1608 4281.931152
1609 8470.113281
1610 6925.334473
1611 3015.992432
1612 7020.161133
1613 9720.308594
1614 7159.779297
1615 10644.632812
1616 22438.787109
1617 4745.555664
1618 6684.262207
1619 1589.192139
1620 5094.605469
1621 13492.846680
1622 3909.783203
1623 9554.688477
1624 3366.320557
1625 11326.520508
1626 6561.961426
1627 6353.702148
1628 7962.992676
1629 888.636841
1630 5935.381348
1631 8964.565430
1632 7386.076172
1633 4860.924805
1634 4904.552246
1635 5025.645508
1636 12227.949219
1637 2910.093506
1638 6927.681641
1639 4411.994629
1640 3092.625488
1641 4891.601562
1642 4287.576172
1643 8190.136719
1644 1369.816406
1645 3901.530762
1646 5815.750000
1647 3912.507568
1648 4840.263672
1649 2465.676514
1650 5922.189453
1651 3300.014648
1652 5280.428711
1653 4430.303223
1654 9903.383789
1655 5604.963867
1656 7430.600586
1657 3164.668701
1658 6004.003906
1659 9862.065430
1660 3176.376709
1661 4182.695801
1662 6026.805664
1663 7372.880371
1664 5097.634277
1665 8894.391602
1666 21685.144531
1667 10169.671875
1668 11193.476562
1669 1915.737549
1670 7073.409668
1671 3865.076416
1672 9077.898438
1673 14344.112305
1674 1479.307495
1675 3789.989990
1676 11056.621094
1677 2263.092285
1678 7264.764648
1679 7730.110352
1680 8572.573242
1681 6075.614746
1682 4747.227051
1683 4237.251465
1684 3972.678955
1685 9455.530273
1686 1881.664307
1687 7229.401855
1688 10011.327148
1689 7810.156738
1690 3240.343750
1691 10694.619141
1692 8477.211914
1693 14493.528320
1694 5989.497559
1695 8655.268555
1696 2702.459473
1697 3686.259277
1698 1428.984497
1699 11820.922852
1700 4823.983398
1701 3409.958008
1702 8545.290039
1703 7936.405273
1704 5864.905273
1705 5967.018555
1706 5033.013672
1707 6106.580566
1708 7750.222656
1709 3848.997559
1710 12079.523438
1711 3263.584717
1712 1444.195435
1713 4866.709473
1714 2609.875732
1715 2700.365479
1716 8342.766602
1717 7482.851562
1718 7387.090820
1719 2216.974365
1720 4394.278320
1721 2750.322510
1722 5069.036133
1723 7376.277832
1724 5498.108398
1725 15308.106445
1726 6242.654297
1727 4046.490479
1728 14488.043945
1729 3480.994385
1730 6706.190918
1731 5964.356445
1732 2505.250732
1733 2556.056152
1734 7486.985840
1735 11451.746094
1736 6587.913574
1737 7817.481934
1738 3874.893311
1739 17338.677734
1740 482.223694
1741 7898.693359
1742 4299.583008
1743 14502.164062
1744 3440.169678
1745 10081.835938
1746 2317.702881
1747 6414.828125
1748 5551.046387
1749 4915.036621
1750 13418.706055
1751 11544.377930
1752 7360.793945
1753 3229.977295
1754 6769.697266
1755 6811.868164
1756 1444.672363
1757 11562.085938
1758 10384.260742
1759 7191.617188
1760 7173.559082
1761 1377.364746
1762 8567.467773
1763 4993.975098
1764 18270.470703
1765 8577.490234
1766 9221.792969
1767 8218.497070
1768 4600.546875
1769 6836.769043
1770 5130.046875
1771 4683.856445
1772 5183.333496
1773 4957.015137
1774 5618.748535
1775 10973.835938
1776 14874.395508
1777 9083.195312
1778 19471.365234
1779 6499.032715
1780 2466.599121
1781 3923.702637
1782 2875.771240
1783 13125.777344
1784 2680.077881
1785 12888.485352
1786 3909.439209
1787 3565.324219
1788 4649.750000
1789 10672.821289
1790 3872.297607
1791 1757.066162
1792 3281.824707
1793 3695.629150
1794 3366.884277
1795 5845.471680
1796 4750.022461
1797 4377.090332
1798 4908.964355
1799 20167.001953
1800 6519.941406
1801 3930.766113
1802 2533.113281
1803 9057.969727
1804 3094.969238
1805 5816.198242
1806 1835.449707
1807 8485.951172
1808 6735.184082
1809 4199.394531
1810 3607.701660
1811 1662.263550
1812 6040.051758
1813 13769.969727
1814 4784.036133
1815 4519.965820
1816 8677.669922
1817 9285.540039
1818 6024.136719
1819 9218.926758
1820 4165.684082
1821 10113.936523
1822 5536.415527
1823 10236.832031
1824 5612.230957
1825 8204.394531
1826 12829.068359
1827 2394.889160
1828 11879.160156
1829 7834.283203
1830 5676.181152
1831 5798.353516
1832 8858.140625
1833 4774.983887
1834 1946.726562
1835 2404.835449
1836 2463.387207
1837 6973.437012
1838 14063.097656
1839 8781.883789
1840 3792.554199
1841 3733.156494
1842 8800.184570
1843 9886.973633
1844 9516.701172
1845 2982.454590
1846 13424.640625
1847 3987.646240
1848 6078.571777
1849 4438.461914
1850 1512.330200
1851 3377.990234
1852 3180.105957
1853 3247.508545
1854 6226.190430
1855 9737.116211
1856 7014.804688
1857 9394.396484
1858 8790.407227
1859 5803.744141
1860 9983.191406
1861 2500.281006
1862 6893.145996
1863 3964.375244
1864 16386.623047
1865 3775.653076
1866 4610.415527
1867 8687.588867
1868 10911.914062
1869 8655.908203
1870 9128.877930
1871 6140.374512
1872 6603.294922
1873 9998.032227
1874 3220.551270
1875 3461.398438
1876 7812.092285
1877 7642.239258
1878 8817.481445
1879 3152.434570
1880 13537.409180
1881 6262.218262
1882 5034.112305
1883 4574.564941
1884 6941.927734
1885 7137.937012
1886 7415.738770
1887 1921.779175
1888 7951.909668
1889 2428.432129
1890 18710.833984
1891 5965.409668
1892 6604.750000
1893 10996.456055
1894 9731.330078
1895 6184.759766
1896 6716.168457
1897 7079.713867
1898 2501.278809
1899 2092.291260
1900 3956.500977
1901 1282.489258
1902 3930.939453
1903 10434.498047
1904 8579.722656
1905 5813.025391
1906 2621.750488
1907 7951.966309
1908 2616.564209
1909 4179.845215
1910 4868.035156
1911 3863.271240
1912 7192.196289
1913 8597.244141
1914 4781.890625
1915 9599.546875
1916 6887.946289
1917 6933.262207
1918 3121.089844
1919 3343.939209
1920 11612.863281
1921 9788.508789
1922 1436.581421
1923 4072.737549
1924 4373.344238
1925 5613.522949
1926 15117.452148
1927 10189.620117
1928 5084.822266
1929 9101.288086
1930 11860.693359
1931 4218.998535
1932 6979.334961
1933 5447.262207
1934 7993.817871
1935 9348.375000
1936 11560.863281
1937 4782.507812
1938 12221.507812
1939 2701.774414
1940 1861.662231
1941 2406.368408
1942 6013.132324
1943 14274.456055
1944 6338.363770
1945 3834.406738
1946 7112.062500
1947 1201.781250
1948 3790.185791
1949 4171.308594
1950 7224.084961
1951 17941.535156
1952 8550.809570
1953 2531.800049
1954 4596.808105
1955 7797.784180
1956 12787.605469
1957 2585.791260
1958 11236.904297
1959 8152.615234
1960 7868.623047
1961 7114.512207
1962 5848.110352
1963 2786.504395
1964 3152.276611
1965 5123.710938
1966 3050.051514
1967 2608.912109
1968 12564.932617
1969 1858.183594
1970 7494.084961
1971 6044.895996
1972 1971.003052
1973 3249.204346
1974 4529.678223
1975 7292.423828
1976 3266.277344
1977 4216.178223
1978 9340.253906
1979 6850.327148
1980 4705.518066
1981 14171.811523
1982 863.822449
1983 6035.979004
1984 5974.307617
1985 5557.565918
1986 1754.216309
1987 5618.089844
1988 3906.398438
1989 9279.898438
1990 3525.436768
1991 9174.308594
1992 3518.673828
1993 5785.937988
1994 1290.283081
1995 3526.621826
1996 4089.356445
1997 7707.809082
1998 12525.788086
1999 5894.596191
2000 5735.233887
2001 4065.718994
2002 5462.784180
2003 3786.645020
2004 15624.479492
2005 795.531616
2006 10649.797852
2007 8104.583984
2008 2292.512451
2009 2690.427734
2010 4653.942871
2011 7557.711426
2012 2931.115967
2013 6238.802734
2014 12057.014648
2015 6017.181641
2016 8348.670898
2017 10527.895508
2018 3542.585449
2019 13125.383789
2020 2594.793945
2021 5908.455566
2022 9342.414062
2023 4899.896484
2024 6324.789551
2025 3852.955078
2026 9911.222656
2027 5838.218262
2028 8248.557617
2029 9941.026367
2030 5494.177246
2031 10201.191406
2032 6966.870605
2033 17134.281250
2034 9789.560547
2035 1808.518677
2036 1712.752686
2037 10949.521484
2038 3973.277588
2039 1742.705078
2040 8726.585938
2041 5692.723633
2042 6399.169434
2043 3914.299316
2044 4538.735352
2045 12374.108398
2046 12666.226562
2047 6478.428223
2048 5985.476074
2049 7023.422363
2050 6847.978027
2051 8214.266602
2052 3209.293457
2053 6143.974609
2054 6432.089355
2055 3415.151123
2056 12724.979492
2057 19687.857422
2058 1952.503174
2059 13821.589844
2060 6329.163574
2061 3124.195557
2062 13574.966797
2063 1414.256348
2064 8279.625000
2065 10047.129883
2066 2388.727051
2067 4759.115723
2068 9100.192383
2069 1675.062500
2070 3212.482666
2071 2458.384766
2072 2667.750488
2073 6462.893066
2074 6617.504883
2075 6542.161621
2076 5157.273438
2077 6284.527832
2078 5564.635742
2079 7286.128906
2080 14455.129883
2081 4754.873535
2082 9215.990234
2083 952.385742
2084 4977.357422
2085 1193.834351
2086 8069.564453
2087 2705.148438
2088 15485.986328
2089 6402.912109
2090 8283.052734
2091 4180.045898
2092 5358.618164
2093 5037.060059
2094 5813.866211
2095 9829.971680
2096 10537.031250
2097 3429.395508
2098 10482.303711
2099 8743.048828
2100 3700.025391
2101 4665.118652
2102 3911.587646
2103 5839.256348
2104 11956.876953
2105 9146.325195
2106 6106.437012
2107 5054.282227
2108 14223.042969
2109 14947.108398
2110 11677.205078
2111 14907.909180
2112 7635.248535
2113 4402.445801
2114 1359.466553
2115 1472.099487
2116 6854.079102
2117 4246.118652
2118 5727.416504
2119 12170.228516
2120 8760.126953
2121 5764.457031
2122 17831.957031
2123 17029.763672
2124 4473.529785
2125 9024.028320
2126 2467.735596
2127 10313.553711
2128 3779.138672
2129 5763.620605
2130 5081.592285
2131 2461.425781
2132 14239.157227
2133 5764.645508
2134 6850.915527
2135 4151.252441
2136 3911.528076
2137 5487.418945
2138 2417.459717
2139 1685.592529
2140 7412.451172
2141 7783.096191
2142 6074.856934
2143 3446.655518
2144 5374.199219
2145 11782.192383
2146 1335.091064
2147 2341.084717
2148 9837.298828
2149 4925.852051
2150 9311.737305
2151 8521.996094
2152 6453.968262
2153 16746.476562
2154 13263.137695
2155 6249.627930
2156 6554.627441
2157 9172.166016
2158 16006.984375
2159 6336.764160
2160 5800.030273
2161 2517.477539
2162 8172.469727
2163 3420.553711
2164 10869.776367
2165 17972.958984
2166 8595.698242
2167 20607.574219
2168 4097.799316
2169 4571.098145
2170 8561.081055
2171 6818.212402
2172 1945.296387
2173 7563.218750
2174 2341.418945
2175 3671.878662
2176 3981.763672
2177 5348.097656
2178 2885.886963
2179 3998.651123
2180 10325.591797
2181 10211.024414
2182 3792.771729
2183 8283.614258
2184 4748.944336
2185 5639.378906
2186 8802.556641
2187 2833.446533
2188 9390.730469
2189 7382.223145
2190 1472.766479
2191 6678.547363
2192 26794.826172
2193 10496.512695
2194 2540.398926
2195 1717.210205
2196 2075.212646
2197 9375.420898
2198 5727.470215
2199 6972.682617
2200 9187.641602
2201 3428.745850
2202 7367.482422
2203 2531.131592
2204 4816.941895
2205 3168.366455
2206 7059.713867
2207 6773.286133
2208 9875.352539
2209 7463.321289
2210 9333.345703
2211 7787.917480
2212 6736.424805
2213 8842.640625
2214 1886.845459
2215 3901.499512
2216 9828.774414
2217 4076.322998
2218 4890.646973
2219 475.951599
2220 4425.835938
2221 6345.475586
2222 2503.738037
2223 12253.805664
2224 5800.411133
2225 2779.947998
2226 9508.993164
2227 5817.912598
2228 6879.431641
2229 2408.288818
2230 7652.395508
2231 2490.898682
2232 4538.343750
2233 12437.034180
2234 9729.292969
2235 9000.047852
2236 16559.521484
2237 6131.355469
2238 4086.283691
2239 5672.346680
2240 4082.834473
2241 2047.975098
2242 4926.098633
2243 5720.291992
2244 8248.832031
2245 6633.421387
2246 10094.447266
2247 6045.007324
2248 10004.607422
2249 9800.609375
2250 8490.168945
2251 4643.428711
2252 10501.870117
2253 4562.603516
2254 3210.168457
2255 8348.991211
2256 5554.544922
2257 5920.463379
2258 6772.326172
2259 10743.563477
2260 6830.579102
2261 2430.193604
2262 3837.736816
2263 2670.118652
2264 2053.269775
2265 6748.558105
2266 3943.920410
2267 5790.248047
2268 19659.750000
2269 4360.395508
2270 6823.895020
2271 3063.237061
2272 12482.691406
2273 4988.934082
2274 4565.547363
2275 13198.402344
2276 4769.645996
2277 2581.712646
2278 11270.733398
2279 3993.601807
2280 8113.033203
2281 8509.016602
2282 3953.412842
2283 6657.787598
2284 13046.144531
2285 10739.158203
2286 11393.728516
2287 4957.365234
2288 3220.164307
2289 3210.987793
2290 6487.450684
2291 10365.825195
2292 8881.657227
2293 2066.833496
2294 5156.840820
2295 3191.995850
2296 4944.112305
2297 6411.739746
2298 6118.405762
2299 3366.327148
2300 2219.568115
2301 6636.266113
2302 4268.341797
2303 9899.733398
2304 7728.596191
2305 879.306091
2306 7750.162109
2307 4285.293945
2308 1552.360718
2309 3562.998291
2310 2471.205566
2311 1372.489868
2312 7998.963379
2313 19733.880859
2314 4984.918945
2315 10311.941406
2316 8016.080566
2317 1613.036255
2318 3148.064697
2319 3398.833252
2320 4432.666992
2321 2720.156738
2322 4934.619629
2323 1363.889526
2324 6598.287109
2325 4386.441406
2326 5491.355469
2327 2498.791260
2328 8136.002930
2329 5663.182129
2330 7815.109375
2331 3201.291260
2332 8141.492188
2333 3045.377441
2334 2565.513184
2335 4068.831299
2336 4756.062988
2337 12977.333984
2338 4282.213867
2339 5051.758789
2340 19998.220703
2341 8540.877930
2342 11111.281250
2343 4821.635742
2344 10501.628906
2345 3902.857178
2346 4793.804199
2347 6732.951172
2348 264.393768
2349 8948.198242
2350 6382.049316
2351 8021.945312
2352 11168.473633
2353 13396.029297
2354 15552.484375
2355 7849.894531
2356 2023.125366
2357 10472.904297
2358 3008.477539
2359 9274.750000
2360 3269.064941
2361 4086.733643
2362 944.595398
2363 9725.661133
2364 2504.570312
2365 4666.384766
2366 1568.669556
2367 7796.098145
2368 6113.165527
2369 9010.332031
2370 16270.363281
2371 6869.672363
2372 8412.851562
2373 6074.901367
2374 3060.268555
2375 15088.594727
2376 13196.103516
2377 585.904663
2378 8348.637695
2379 7808.754883
2380 7899.518066
2381 1831.422363
2382 4702.154785
2383 7722.333008
2384 7780.509277
2385 5229.864258
2386 3944.616943
2387 6913.462891
2388 6449.712402
2389 12829.383789
2390 17996.576172
2391 7179.991699
2392 2999.263184
2393 5854.816406
2394 8775.459961
2395 5874.600098
2396 9031.285156
2397 6854.944336
2398 6088.526367
2399 10218.390625
2400 4217.644531
2401 1488.040039
2402 13493.161133
2403 5808.588867
2404 3871.157715
2405 6568.262207
2406 4785.712402
2407 5668.428223
2408 7967.125000
2409 9989.665039
2410 9715.159180
2411 9108.076172
2412 6024.105469
2413 2475.612061
2414 9250.762695
2415 3402.559326
2416 5887.999023
2417 6743.162598
2418 5618.856934
2419 2995.097900
2420 9716.390625
2421 14436.885742
2422 1906.057739
2423 2417.835205
2424 1275.611206
2425 7168.255371
2426 10570.424805
2427 7051.702148
2428 7725.120117
2429 10171.307617
2430 2695.423828
2431 11175.671875
2432 5433.779297
2433 12372.462891
2434 7971.623047
2435 6855.599121
2436 8095.018066
2437 8573.955078
2438 13513.901367
2439 2512.882324
2440 1860.919556
2441 13113.406250
2442 5215.781250
2443 2498.048828
2444 4625.311523
2445 4581.603516
2446 4012.532227
2447 10169.253906
2448 3280.173340
2449 7145.510254
2450 4778.719727
2451 6700.692871
2452 2405.770996
2453 3020.979004
2454 4523.082031
2455 2597.782471
2456 3321.453857
2457 1115.539795
2458 9435.777344
2459 2951.323486
2460 9195.660156
2461 5715.608887
2462 5639.376465
2463 5575.720703
2464 5759.750977
2465 3270.200928
2466 1537.553833
2467 5345.651367
2468 5096.716309
2469 6784.664551
2470 1255.125122
2471 12764.755859
2472 5600.983887
2473 965.455872
2474 12423.721680
2475 4360.383301
2476 9033.531250
2477 4529.303711
2478 12060.848633
2479 2694.301758
2480 5045.600586
2481 10280.073242
2482 10693.159180
2483 5868.225586
2484 4256.729492
2485 6375.136719
2486 3986.559814
2487 12597.475586
2488 2489.038574
2489 5485.238770
2490 7185.088867
2491 6497.529297
2492 16225.649414
2493 8115.912109
2494 8880.088867
2495 11202.904297
2496 6169.725098
2497 3120.059814
2498 6794.194824
2499 894.992065
2500 3454.207275
2501 5245.863770
2502 1331.964233
2503 2636.354980
2504 5593.782715
2505 5429.806641
2506 8186.279297
2507 6901.541016
2508 3349.641846
2509 7946.075195
2510 4729.268066
2511 3564.835938
2512 8469.064453
2513 6831.168945
2514 10159.471680
2515 8119.190918
2516 10089.233398
2517 4330.498047
2518 7471.591309
2519 8195.399414
2520 6641.468750
2521 12560.040039
2522 2486.215576
2523 2805.058594
2524 5561.405762
2525 6003.891602
2526 14248.462891
2527 2897.674561
2528 17916.857422
2529 4789.691406
2530 7053.396973
2531 3357.500244
2532 7308.366211
2533 3690.909424
2534 3576.979492
2535 9165.840820
2536 6616.134766
2537 4635.131348
2538 9212.146484
2539 2453.586182
2540 14709.730469
2541 7379.487305
2542 3063.799316
2543 6836.723145
2544 2698.510986
2545 8178.041016
2546 7360.561523
2547 5929.241699
2548 4975.012695
2549 6573.649902
2550 8979.119141
2551 8156.255859
2552 4794.095215
2553 1823.176758
2554 8656.060547
2555 11368.247070
2556 9850.595703
2557 4642.667480
2558 10239.202148
2559 4823.224609
2560 10796.996094
2561 14597.078125
2562 5624.291016
2563 1025.366211
2564 8105.148438
2565 1679.141846
2566 2377.217041
2567 9879.265625
2568 4224.682129
2569 4454.600098
2570 3399.411133
2571 5468.604980
2572 6102.385254
2573 593.710815
2574 3327.031982
2575 4774.687012
2576 8820.798828
2577 3635.779785
2578 6273.854492
2579 5193.872559
2580 9360.502930
2581 5780.489258
2582 4633.525391
2583 3011.775635
2584 2644.107910
2585 6645.391602
2586 2646.862305
2587 6979.456055
2588 12708.817383
2589 18730.289062
2590 3744.648438
2591 5265.891113
2592 3942.827881
2593 1949.942749
2594 3910.306152
2595 17078.751953
2596 8902.435547
2597 2316.453125
2598 4837.921875
2599 3048.641357
2600 8275.636719
2601 18314.642578
2602 1035.541992
2603 3997.650635
2604 7373.509277
2605 3650.245361
2606 1449.238892
2607 5324.812988
2608 3984.460938
2609 10070.296875
2610 10266.715820
2611 9389.876953
2612 9187.341797
2613 7648.291016
2614 5676.597656
2615 8285.717773
2616 3926.057617
2617 1263.276611
2618 4169.767090
2619 9548.992188
2620 3488.025391
2621 7386.068359
2622 8196.379883
2623 6282.520020
2624 3441.416992
2625 7369.537598
2626 3013.356934
2627 6414.901367
2628 5525.306641
2629 888.746094
2630 5360.316895
2631 5456.480469
2632 3968.555176
2633 4792.558105
2634 10932.269531
2635 4118.202148
2636 5491.955566
2637 3180.559082
2638 5477.786133
2639 1908.039062
2640 6751.666016
2641 544.618042
2642 4890.154297
2643 8114.646484
2644 3731.898926
2645 2331.278076
2646 4408.286133
2647 1396.333252
2648 11585.035156
2649 2025.398682
2650 7785.867676
2651 2946.537598
2652 7363.580566
2653 7946.846191
2654 5880.225586
2655 4731.341309
2656 8027.538574
2657 6653.396484
2658 3248.033691
2659 4364.127441
2660 9218.425781
2661 3342.214355
2662 3201.878906
2663 5381.165527
2664 6997.545410
2665 6197.902832
2666 7264.234375
2667 5291.627441
2668 3337.087891
2669 10590.758789
2670 4869.624512
2671 8256.684570
2672 4270.486328
2673 1141.875610
2674 3987.105713
2675 12041.430664
2676 7279.494141
2677 3986.276855
2678 9187.062500
2679 6051.766602
2680 5437.332520
2681 6526.513672
2682 2451.101562
2683 3751.418457
2684 5142.157715
2685 10955.522461
2686 13210.671875
2687 1818.433228
2688 9469.786133
2689 4896.136719
2690 7576.243164
2691 3971.759766
2692 8039.974121
2693 12247.098633
2694 15840.492188
2695 6305.250977
2696 3271.690430
2697 4262.375977
2698 7774.518066
2699 3998.865723
2700 9109.251953
2701 3350.711426
2702 1008.386780
2703 7199.091309
2704 2339.340576
2705 3227.196777
2706 11134.477539
2707 4979.413086
2708 193.427628
2709 5492.994629
2710 6437.588867
2711 6306.078613
2712 6460.351562
2713 4895.100586
2714 13330.856445
2715 12095.022461
2716 2320.500000
2717 1120.747437
2718 4264.501465
2719 2866.899658
2720 14465.324219
2721 20643.287109
2722 7699.402344
2723 3876.282227
2724 3395.918457
2725 3481.065674
2726 14605.724609
2727 4921.240723
2728 8011.863281
2729 4002.519287
2730 8042.394043
2731 4095.928467
2732 1776.796387
2733 1891.824951
2734 11404.601562
2735 7268.939941
2736 12222.956055
2737 3162.224854
2738 8311.423828
2739 6724.770508
2740 3514.291016
2741 3892.417969
2742 7267.933105
2743 6814.863281
2744 12662.061523
2745 13538.482422
2746 11478.865234
2747 5772.901855
2748 7939.735840
2749 10204.312500
2750 1430.126709
2751 6640.218262
2752 4174.021973
2753 4826.570312
2754 4883.106445
2755 3700.564941
2756 10859.058594
2757 13878.685547
2758 4269.261719
2759 3787.166748
2760 1868.252441
2761 6548.534668
2762 4425.504883
2763 3853.768066
2764 12171.322266
2765 8748.309570
2766 8671.958008
2767 3233.663574
2768 14003.132812
2769 6649.211914
2770 3006.589844
2771 13714.748047
2772 6565.564941
2773 13747.849609
2774 2361.627197
2775 5930.131836
2776 5424.716309
2777 4333.609863
2778 6903.234375
2779 9479.750977
2780 6138.011230
2781 3480.824951
2782 2612.643311
2783 4766.291504
2784 7103.474609
2785 10752.595703
2786 11678.422852
2787 9918.357422
2788 7381.067871
2789 9754.717773
2790 10817.430664
2791 2880.083984
2792 6636.353027
2793 10744.802734
2794 3244.675537
2795 1282.931763
2796 1813.007202
2797 4716.875977
2798 1623.571533
2799 3113.006592
2800 2504.537598
2801 6985.809082
2802 2354.621826
2803 7979.854492
2804 8615.060547
2805 1925.125366
2806 5062.876465
2807 3799.995361
2808 11655.351562
2809 13171.843750
2810 4288.126465
2811 4254.250000
2812 6126.013184
2813 7023.510254
2814 4065.193848
2815 8895.743164
2816 10651.755859
2817 3250.379883
2818 3009.430176
2819 6049.318848
2820 12133.891602
2821 1901.921387
2822 8639.140625
2823 9755.416992
2824 13398.245117
2825 1279.987671
2826 5325.225098
2827 2407.748047
2828 2089.278320
2829 5435.203125
2830 5448.589355
2831 5514.616699
2832 4598.405273
2833 9686.511719
2834 2620.958984
2835 7270.047852
2836 6191.767578
2837 3033.153564
2838 8777.646484
2839 1711.999023
2840 3861.334229
2841 14873.430664
2842 7782.750488
2843 26242.908203
2844 6749.684082
2845 1633.049072
2846 10624.489258
2847 8842.569336
2848 9195.333008
2849 12541.078125
2850 9584.113281
2851 7544.893555
2852 6885.638184
2853 1342.964722
2854 3469.864258
2855 785.408081
2856 2813.047363
2857 5663.923828
2858 6044.617676
2859 6181.519531
2860 1957.222290
2861 7923.693848
2862 4883.155762
2863 5539.854492
2864 5799.190918
2865 857.831299
2866 7905.891602
2867 16205.092773
2868 7719.071777
2869 2699.694092
2870 13305.832031
2871 840.884705
2872 8771.258789
2873 5005.359863
2874 5888.424316
2875 8508.869141
2876 4390.089355
2877 5059.456055
2878 3713.221680
2879 2705.643555
2880 7249.199707
2881 2225.104492
2882 7499.479492
2883 15309.044922
2884 3064.870117
2885 6491.367188
2886 11529.842773
2887 10465.598633
2888 2586.042969
2889 8821.333984
2890 9302.616211
2891 14405.461914
2892 9145.813477
2893 7414.483398
2894 8175.960449
2895 2011.827271
2896 3104.446045
2897 3219.584229
2898 8020.401855
2899 5313.626465
2900 12443.641602
2901 8375.001953
2902 12327.345703
2903 7792.416992
2904 6415.458496
2905 2062.649902
2906 7745.602051
2907 2907.569580
2908 5727.219238
2909 7448.420410
2910 13504.154297
2911 6914.248535
2912 12068.374023
2913 2308.379150
2914 7093.844238
2915 6170.539062
2916 6093.964355
2917 7807.734375
2918 3455.284668
2919 7227.839355
2920 1694.985596
2921 3946.697266
2922 5983.342773
2923 5514.645996
2924 6319.343262
2925 6609.801758
2926 4442.316895
2927 5720.220703
2928 2123.391113
2929 8096.774902
2930 2811.841064
2931 3843.337646
2932 13957.700195
2933 8696.823242
2934 7847.007812
2935 2450.731201
2936 8524.677734
2937 1993.034668
2938 9461.547852
2939 2178.071289
2940 8234.478516
2941 3975.212158
2942 12408.472656
2943 3056.718994
2944 11366.279297
2945 5813.458984
2946 15861.822266
2947 5621.784668
2948 5769.908203
2949 2910.620117
2950 8660.123047
2951 9385.879883
2952 4272.393555
2953 7057.341309
2954 5107.859375
2955 7096.213867
2956 5506.124512
2957 9816.319336
2958 8932.830078
2959 1906.432495
2960 3785.413086
2961 5079.844727
2962 8222.839844
2963 3072.235107
2964 3015.688477
2965 6204.094238
2966 5621.979004
2967 5361.402832
2968 13520.452148
2969 11793.240234
2970 13623.645508
2971 3097.389893
2972 3849.436523
2973 14832.575195
2974 4884.282227
2975 4278.474609
2976 3442.685791
2977 10777.006836
2978 856.208252
2979 8166.751953
2980 7096.299805
2981 1930.778931
2982 3905.575684
2983 8174.922852
2984 3995.652100
2985 8304.536133
2986 5369.885254
2987 3540.845459
2988 6817.418457
2989 9130.961914
2990 6544.740723
2991 8700.108398
2992 1834.670288
2993 7440.795410
2994 12569.772461
2995 7599.910156
2996 11200.048828
2997 3654.144287
2998 9183.313477
2999 9652.829102
3000 4266.607422
3001 3345.113770
3002 5425.700684
3003 14082.739258
3004 1845.075562
3005 4248.336426
3006 8907.370117
3007 5086.679199
3008 5394.271973
3009 2187.009521
3010 6131.746582
3011 8664.990234
3012 12266.323242
3013 3921.511963
3014 3451.086914
3015 5816.517090
3016 6650.462402
3017 4529.017090
3018 7203.770996
3019 8927.283203
3020 7179.350098
3021 5180.305176
3022 6156.339844
3023 8122.072754
3024 3650.319580
3025 10054.592773
3026 5577.965332
3027 3994.288574
3028 6609.229492
3029 3761.694824
3030 7702.461914
3031 9918.479492
3032 6311.081055
3033 2743.609131
3034 5777.044922
3035 4150.563965
3036 6185.072754
3037 4345.766113
3038 3227.863770
3039 4467.943359
3040 16742.785156
3041 5668.574707
3042 3377.634033
3043 5607.741699
3044 11546.249023
3045 8146.836914
3046 4229.796875
3047 13109.208984
3048 3830.027100
3049 5300.541016
3050 2458.115967
3051 4680.322754
3052 1746.475464
3053 4804.123047
3054 5650.499512
3055 11333.188477
3056 4993.901367
3057 4267.047363
3058 1966.254639
3059 5410.940430
3060 7709.902344
3061 4375.165527
3062 5688.750000
3063 5686.382812
3064 3973.199951
3065 6523.734375
3066 3804.404297
3067 2468.408203
3068 9993.093750
3069 14013.191406
3070 7846.390137
3071 5000.207520
3072 3273.015381
3073 9968.087891
3074 2643.165771
3075 8146.182617
3076 21212.408203
3077 5445.365723
3078 4693.460449
3079 8888.514648
3080 8088.156738
3081 11696.855469
3082 4887.298828
3083 4065.284424
3084 8474.282227
3085 5334.339355
3086 6708.795898
3087 4112.794922
3088 2120.268555
3089 3128.558350
3090 8400.113281
3091 2411.867920
3092 1889.375000
3093 3112.578857
3094 5688.853516
3095 8488.350586
3096 3351.770508
3097 7891.933594
3098 12125.335938
3099 1517.726929
3100 5656.327637
3101 3783.839844
3102 5765.488281
3103 4519.640137
3104 8467.845703
3105 13505.535156
3106 1947.316162
3107 6471.154785
3108 12518.567383
3109 3181.555908
3110 4877.298828
3111 1795.972900
3112 10196.823242
3113 15115.749023
3114 4765.883789
3115 9505.113281
3116 8146.301270
3117 5110.018555
3118 13932.210938
3119 4111.976562
3120 3840.852539
3121 8277.723633
3122 4231.797363
3123 1901.566284
3124 10468.551758
3125 4200.362793
3126 11503.081055
3127 8955.617188
3128 17273.230469
3129 2947.558838
3130 3088.294678
3131 4353.013184
3132 6875.078125
3133 6327.023926
3134 3886.306885
3135 8630.242188
3136 6110.747559
3137 11994.115234
3138 10780.208984
3139 5076.155762
3140 11042.622070
3141 10208.179688
3142 4604.702637
3143 12247.409180
3144 14811.712891
3145 877.126038
3146 3232.947266
3147 7345.621094
3148 7229.657715
3149 7707.755371
3150 11062.657227
3151 3553.933594
3152 2051.253906
3153 14310.115234
3154 11219.807617
3155 1907.560913
3156 7175.275391
3157 4340.852539
3158 4594.982422
3159 2796.248047
3160 6729.424805
3161 8206.958008
3162 9439.482422
3163 4076.440918
3164 12864.391602
3165 7558.752930
3166 4060.067383
3167 4681.350098
3168 4603.561035
3169 6171.636719
3170 1392.858887
3171 7689.801270
3172 2359.890381
3173 7281.104492
3174 3142.720703
3175 7688.766602
3176 6187.911621
3177 10891.389648
3178 2407.307617
3179 7015.701172
3180 6200.379883
3181 4523.157227
3182 1741.276245
3183 5576.087891
3184 8812.938477
3185 3395.435547
3186 4102.027344
3187 3389.621826
3188 6386.908691
3189 3704.583740
3190 5855.192383
3191 6556.539062
3192 10403.567383
3193 4043.133057
3194 6646.514648
3195 3807.045410
3196 9037.806641
3197 11244.397461
3198 10103.919922
3199 2491.598633
3200 2332.917480
3201 5561.790527
3202 1633.308472
3203 3168.723389
3204 8191.469727
3205 4077.274414
3206 13178.967773
3207 3165.699219
3208 9168.765625
3209 4697.476562
3210 15045.531250
3211 6499.854492
3212 6325.750488
3213 6768.550781
3214 5828.391113
3215 6154.833984
3216 9457.029297
3217 8653.434570
3218 4860.528809
3219 6924.474121
3220 12017.444336
3221 559.279114
3222 846.092041
3223 10471.090820
3224 10955.196289
3225 10058.144531
3226 9723.554688
3227 6689.372559
3228 1772.545044
3229 7153.500977
3230 13953.890625
3231 5352.745117
3232 11688.125977
3233 7415.113281
3234 10339.843750
3235 5934.309082
3236 9579.593750
3237 13073.136719
3238 7863.146973
3239 4207.053223
3240 3334.194580
3241 5920.445312
3242 9994.652344
3243 7090.483887
3244 1298.509521
3245 8259.835938
3246 12101.875000
3247 1419.228760
3248 7721.772949
3249 3085.738770
3250 6605.030762
3251 7201.270020
3252 2776.399902
3253 2975.092041
3254 17589.986328
3255 7638.721680
3256 7335.807617
3257 11482.808594
3258 1934.270508
3259 2018.075317
3260 2748.777832
3261 6643.522461
3262 4944.139648
3263 16327.724609
3264 14868.631836
3265 7249.958008
3266 5827.138672
3267 4142.730957
3268 5187.242676
3269 5721.676270
3270 6984.383301
3271 11432.745117
3272 5943.072754
3273 2973.368408
3274 1709.180664
3275 6261.768555
3276 2333.059570
3277 8086.385742
3278 6534.334961
3279 9736.033203
3280 10799.931641
3281 5865.748047
3282 10909.348633
3283 5123.427246
3284 14172.744141
3285 4861.185547
3286 7560.238770
3287 4086.449219
3288 4310.184082
3289 2707.035645
3290 8452.812500
3291 9699.439453
3292 7374.298828
3293 3707.944336
3294 5350.492676
3295 7969.615234
3296 6649.836426
3297 2728.609131
3298 5609.123047
3299 6658.955078
3300 3298.902588
3301 3084.755615
3302 4859.764648
3303 8016.243164
3304 10765.890625
3305 9137.707031
3306 5586.561523
3307 10455.004883
3308 1771.109741
3309 7501.601074
3310 3167.116211
3311 4308.791016
3312 2055.877930
3313 4800.311523
3314 7182.538086
3315 4801.660645
3316 7202.866699
3317 6173.683105
3318 5992.770508
3319 5876.961914
3320 8002.871094
3321 3153.215332
3322 3293.030762
3323 3210.003662
3324 3435.676514
3325 10879.142578
3326 9767.625000
3327 6913.277344
3328 3815.518311
3329 13685.893555
3330 3179.483154
3331 11716.505859
3332 1420.138306
3333 1859.811768
3334 7719.051270
3335 9715.244141
3336 2811.380371
3337 4944.182129
3338 7150.352051
3339 4996.630859
3340 7900.914551
3341 7460.724121
3342 1379.159058
3343 10319.898438
3344 7509.319824
3345 5002.854492
3346 5342.525879
3347 6374.482910
3348 7726.373535
3349 4037.433838
3350 2686.871826
3351 7573.462891
3352 8530.590820
3353 8665.034180
3354 843.619873
3355 5290.232910
3356 8667.110352
3357 6645.215332
3358 11410.689453
3359 6027.735352
3360 11135.351562
3361 2891.116455
3362 10038.613281
3363 5817.800781
3364 7918.744629
3365 12708.055664
3366 5002.416992
3367 4346.709961
3368 8195.657227
3369 6843.193359
3370 5287.550293
3371 12169.015625
3372 8499.092773
3373 5738.372070
3374 3372.450684
3375 13873.184570
3376 4741.397461
3377 5422.157227
3378 12380.543945
3379 6763.146973
3380 4837.860352
3381 9312.416992
3382 5931.850098
3383 2747.278564
3384 3266.186279
3385 8948.555664
3386 9209.772461
3387 5973.502441
3388 3040.642334
3389 3482.870361
3390 4254.541992
3391 4096.064941
3392 5187.888672
3393 7119.846191
3394 1911.570312
3395 10579.637695
3396 7529.042480
3397 4992.920410
3398 11344.672852
3399 1375.666504
3400 10570.285156
3401 6444.920898
3402 883.447937
3403 3946.416260
3404 4346.714355
3405 3645.267578
3406 6538.278320
3407 11719.184570
3408 11000.701172
3409 3313.409912
3410 4240.424316
3411 5646.978027
3412 16016.472656
3413 3485.467041
3414 12569.630859
3415 7166.675781
3416 6480.407715
3417 8292.165039
3418 11329.728516
3419 15573.698242
3420 3244.200684
3421 18679.841797
3422 16844.439453
3423 3234.838867
3424 6612.157715
3425 4832.217285
3426 8456.130859
3427 2602.863525
3428 8943.857422
3429 3741.135986
3430 5116.109375
3431 5497.532227
3432 4316.931641
3433 2975.033203
3434 8108.547363
3435 6553.297363
3436 3873.418213
3437 12398.597656
3438 6710.583496
3439 4338.753906
3440 7557.247559
3441 7466.346191
3442 8208.282227
3443 8272.589844
3444 9586.598633
3445 14178.257812
3446 6845.983398
3447 12838.751953
3448 4871.472656
3449 5187.345703
3450 12746.384766
3451 8855.796875
3452 7153.985840
3453 5114.899414
3454 888.742249
3455 8981.939453
3456 3141.815918
3457 3973.091309
3458 4292.266602
3459 10104.427734
3460 3375.844727
3461 5143.306641
3462 11878.254883
3463 7180.884277
3464 6782.762207
3465 5587.044434
3466 4836.592773
3467 3147.927490
3468 8385.411133
3469 3667.197998
3470 3962.559082
3471 11810.628906
3472 1753.660767
3473 7989.626465
3474 8415.379883
3475 4445.266113
3476 6933.425781
3477 6033.390137
3478 2397.775879
3479 3184.829590
3480 8413.497070
3481 5465.765137
3482 6032.139160
3483 916.262695
3484 11749.011719
3485 11835.169922
3486 10021.744141
3487 6415.457520
3488 5808.836914
3489 7076.123047
3490 3250.808594
3491 3363.100830
3492 3175.761230
3493 2736.366699
3494 12044.825195
3495 4090.490723
3496 7440.811523
3497 12728.733398
3498 16350.743164
3499 10014.000977
3500 12055.493164
3501 3972.334961
3502 1966.941895
3503 5380.817871
3504 4864.429688
3505 1857.830444
3506 3382.464355
3507 5277.348633
3508 6243.141602
3509 7355.106934
3510 4627.163086
3511 8995.930664
3512 9716.074219
3513 7439.030762
3514 6422.908203
3515 3992.593506
3516 9496.583008
3517 6366.222168
3518 4183.726074
3519 8167.441895
3520 11173.278320
3521 4649.303711
3522 9125.022461
3523 1874.554443
3524 10402.468750
3525 4138.136230
3526 2351.307129
3527 3019.586914
3528 4078.751953
3529 5288.239258
3530 4334.296387
3531 14869.731445
3532 3489.697266
3533 9864.286133
3534 7184.656250
3535 5994.637695
3536 5556.331055
3537 2272.415771
3538 3755.675293
3539 4052.718506
3540 2351.243164
3541 4256.441895
3542 6960.887695
3543 4587.119629
3544 15173.615234
3545 6288.977539
3546 4307.280762
3547 12703.965820
3548 8762.267578
3549 8949.668945
3550 9001.071289
3551 3293.780029
3552 4949.393066
3553 7250.054199
3554 4079.507568
3555 6840.499512
3556 3871.773926
3557 5135.659180
3558 9022.800781
3559 7306.137207
3560 3248.634521
3561 2542.344482
3562 6452.839355
3563 15084.128906
3564 9730.124023
3565 4733.625977
3566 2074.346924
3567 3982.796631
3568 6970.209473
3569 10804.935547
3570 2839.160645
3571 4142.138184
3572 10465.007812
3573 4859.111816
3574 6486.489746
3575 4109.911133
3576 4921.155273
3577 2017.582153
3578 4545.784180
3579 1452.077148
3580 3470.341309
3581 7722.977539
3582 11225.038086
3583 9607.458984
3584 6848.414551
3585 24626.537109
3586 8741.584961
3587 5710.465820
3588 8248.948242
3589 3840.253174
3590 6081.555664
3591 2340.297852
3592 7556.614258
3593 4984.658691
3594 2731.647705
3595 4981.097656
3596 2611.496826
3597 7005.001465
3598 4180.414062
3599 6920.193848
3600 3967.742188
3601 7987.152832
3602 10537.745117
3603 9824.201172
3604 9982.189453
3605 14783.156250
3606 7356.092285
3607 3430.940186
3608 6762.996094
3609 4613.833496
3610 1841.045410
3611 2978.237061
3612 17926.238281
3613 5547.012207
3614 5878.696777
3615 2959.893555
3616 8788.152344
3617 5046.214355
3618 7045.811523
3619 6211.119629
3620 5466.321777
3621 2720.095703
3622 6531.268555
3623 10591.501953
3624 2703.730957
3625 5620.370117
3626 4796.940918
3627 4074.647705
3628 1558.380737
3629 4909.817871
3630 4276.968262
3631 7300.467773
3632 3414.548828
3633 7605.312500
3634 9076.653320
3635 1705.584595
3636 6330.877441
3637 6108.797852
3638 14260.302734
3639 9718.349609
3640 3102.710449
3641 6856.981445
3642 3367.754395
3643 1891.773682
3644 2079.604492
3645 13049.880859
3646 6357.755371
3647 7272.779297
3648 7911.273438
3649 3318.404297
3650 6552.980957
3651 7761.821289
3652 5962.589844
3653 5864.978027
3654 4187.961914
3655 3370.708496
3656 6819.669922
3657 10092.442383
3658 7801.762695
3659 1296.186157
3660 9927.200195
3661 6328.725098
3662 3397.454834
3663 915.378601
3664 14999.788086
3665 3629.504395
3666 3846.171875
3667 7106.235840
3668 10014.910156
3669 14109.787109
3670 6231.122559
3671 6850.344238
3672 12952.237305
3673 6614.593750
3674 6272.115723
3675 23261.429688
3676 6464.066895
3677 10206.770508
3678 1281.766846
3679 7618.453613
3680 1410.739258
3681 6819.279785
3682 3198.925293
3683 5172.730469
3684 5836.461426
3685 3060.240967
3686 7042.179199
3687 9874.780273
3688 6813.757324
3689 5763.695801
3690 6020.305664
3691 9681.459961
3692 6911.183105
3693 7006.764648
3694 9920.619141
3695 10257.699219
3696 4161.871094
3697 2606.346436
3698 15035.494141
3699 2575.764648
3700 6021.038086
3701 11006.294922
3702 6702.148926
3703 7239.266602
3704 2661.933350
3705 3133.760986
3706 8279.060547
3707 1883.071045
3708 11722.439453
3709 7772.613770
3710 5810.231445
3711 8349.062500
3712 13030.182617
3713 2522.932373
3714 1304.817993
3715 6012.759766
3716 6144.972656
3717 12246.889648
3718 6063.786621
3719 5793.365723
3720 4336.750488
3721 11442.486328
3722 6230.132324
3723 8111.974609
3724 9191.811523
3725 9288.336914
3726 10256.488281
3727 6099.040527
3728 7365.474609
3729 8843.414062
3730 3659.379395
3731 5057.430664
3732 254.336716
3733 5766.759766
3734 2990.892334
3735 9384.004883
3736 2485.459473
3737 1493.229980
3738 2425.754883
3739 7039.730469
3740 1411.033813
3741 9477.340820
3742 8255.326172
3743 1446.120972
3744 3911.981934
3745 7392.826660
3746 4831.257324
3747 10377.250977
3748 2307.241211
3749 3105.814453
3750 11886.139648
3751 6766.416992
3752 9043.544922
3753 13004.896484
3754 10568.748047
3755 11370.466797
3756 2921.367920
3757 7705.934082
3758 3970.120605
3759 7410.981934
3760 7588.359375
3761 3173.232422
3762 13962.199219
3763 5755.787598
3764 10142.800781
3765 8390.770508
3766 5651.484863
3767 8406.352539
3768 14091.381836
3769 6213.780762
3770 8060.139648
3771 3983.197998
3772 9093.735352
3773 8212.284180
3774 7759.353516
3775 11662.361328
3776 10154.818359
3777 2629.860840
3778 896.165039
3779 2395.522705
3780 5223.182129
3781 11079.826172
3782 3248.383301
3783 5785.534668
3784 3230.293213
3785 314.244141
3786 3453.822754
3787 8370.005859
3788 6017.107422
3789 4922.431152
3790 9750.999023
3791 7337.082031
3792 2682.278076
3793 7904.313965
3794 1468.558838
3795 12619.857422
3796 12108.254883
3797 6268.578613
3798 1400.388550
3799 1354.595337
3800 2482.614258
3801 5411.248535
3802 3243.783936
3803 13480.329102
3804 4038.262207
3805 8272.178711
3806 14222.265625
3807 8962.088867
3808 5805.153320
3809 14257.108398
3810 6134.053223
3811 1784.236084
3812 775.967163
3813 6234.843750
3814 4431.178711
3815 2191.909180
3816 11079.720703
3817 4842.333984
3818 5120.443848
3819 3336.093018
3820 9248.776367
3821 3016.469727
3822 9302.095703
3823 8896.728516
3824 6617.888184
3825 904.511719
3826 5816.293457
3827 5672.372559
3828 9122.175781
3829 3436.737549
3830 2483.839844
3831 3895.260010
3832 7866.779297
3833 10319.424805
3834 13140.130859
3835 4911.391602
3836 8623.599609
3837 10513.181641
3838 5651.233887
3839 3251.156006
3840 4969.475098
3841 7485.432129
3842 4912.795410
3843 4126.996094
3844 5781.265137
3845 3305.470947
3846 3071.952881
3847 11971.920898
3848 8535.208008
3849 5481.902832
3850 3270.208496
3851 7109.174316
3852 3953.264648
3853 2478.430176
3854 6811.798828
3855 4717.130859
3856 6776.720215
3857 15849.930664
3858 1983.336548
3859 3924.778320
3860 5767.160645
3861 3485.655518
3862 8132.961426
3863 10701.728516
3864 13373.963867
3865 2276.198486
3866 10276.581055
3867 3773.102051
3868 1284.451050
3869 3002.221680
3870 4021.859375
3871 809.419922
3872 3225.731201
3873 4291.131348
3874 910.464722
3875 12951.290039
3876 12483.877930
3877 7673.175293
3878 5046.797852
3879 10557.044922
3880 3586.370850
3881 1945.257935
3882 6642.358398
3883 4896.658691
3884 2414.388672
3885 11145.347656
3886 11458.919922
3887 10759.259766
3888 4347.178711
3889 4599.519043
3890 9985.038086
3891 16259.099609
3892 7135.561035
3893 2570.348633
3894 11346.590820
3895 938.825928
3896 2391.682373
3897 8367.171875
3898 14219.651367
3899 15130.482422
3900 7144.556641
3901 8231.987305
3902 10321.750000
3903 4542.745117
3904 12656.080078
3905 1292.850952
3906 3837.985107
3907 3778.275391
3908 968.786926
3909 5195.370605
3910 8097.937988
3911 958.301880
3912 14723.563477
3913 522.051392
3914 2984.696777
3915 5084.278320
3916 2031.611572
3917 1475.882080
3918 17788.275391
3919 8876.988281
3920 1543.449341
3921 1942.748047
3922 8679.173828
3923 8369.133789
3924 11695.201172
3925 16883.949219
3926 3987.898926
3927 7911.783691
3928 1411.359863
3929 4817.973633
3930 13262.700195
3931 11117.365234
3932 7142.901855
3933 3415.711914
3934 2624.034424
3935 3797.958252
3936 5418.090820
3937 955.220764
3938 7338.919434
3939 2926.915039
3940 3948.594482
3941 15288.312500
3942 9802.780273
3943 5006.537109
3944 4487.157227
3945 1610.825439
3946 9163.424805
3947 1554.683228
3948 11208.741211
3949 17071.505859
3950 10443.337891
3951 5030.825684
3952 4112.435059
3953 7604.633789
3954 2719.137939
3955 1853.553345
3956 3938.796387
3957 1283.132446
3958 3195.678223
3959 3090.927490
3960 3745.224365
3961 8020.628418
3962 1938.088501
3963 8681.878906
3964 528.810730
3965 5597.328125
3966 9448.913086
3967 9125.671875
3968 6323.554688
3969 14580.767578
3970 7272.616699
3971 4590.124512
3972 2974.466064
3973 5119.285156
3974 5412.768066
3975 4937.024902
3976 17852.552734
3977 5372.836426
3978 1588.151001
3979 2112.734619
3980 2527.750000
3981 7419.693848
3982 7584.298340
3983 5574.562012
3984 11036.000000
3985 2858.729736
3986 6275.146973
3987 3012.745605
3988 6293.305176
3989 5941.009766
3990 4514.262207
3991 7817.378906
3992 8452.685547
3993 13603.458008
3994 4271.127930
3995 6075.262207
3996 5890.837402
3997 9196.456055
3998 1812.632690
3999 5688.934570
4000 4523.665039
4001 9877.189453
4002 8041.000488
4003 4681.036621
4004 9073.274414
4005 7998.062012
4006 2475.169678
4007 8004.148926
4008 9004.582031
4009 16923.867188
4010 7090.549316
4011 5599.787598
4012 6457.570801
4013 1211.435425
4014 11555.627930
4015 6948.163086
4016 6816.022949
4017 5509.031250
4018 9281.095703
4019 9256.962891
4020 3291.815674
4021 2557.027832
4022 6076.547363
4023 8912.916992
4024 13861.977539
4025 5605.250977
4026 4506.811035
4027 1508.291992
4028 15142.826172
4029 7160.714355
4030 5864.185547
4031 12079.360352
4032 9417.782227
4033 5546.651367
4034 7589.359375
4035 7176.897949
4036 19076.025391
4037 8252.732422
4038 10644.933594
4039 1902.697021
4040 3105.811768
4041 4872.343262
4042 6387.592773
4043 4455.603516
4044 6650.368164
4045 9104.603516
4046 6935.086914
4047 9222.507812
4048 11412.259766
4049 1277.985596
4050 2358.654053
4051 1398.783325
4052 6465.508789
4053 5750.245117
4054 4076.874268
4055 7296.221191
4056 4906.992676
4057 13039.108398
4058 4054.711670
4059 4745.468750
4060 3822.263428
4061 5533.255859
4062 14326.433594
4063 4947.066895
4064 8234.699219
4065 4190.997559
4066 4919.317383
4067 3944.305420
4068 3000.665283
4069 6138.247559
4070 6614.237793
4071 4249.775391
4072 9502.366211
4073 7543.769531
4074 4692.441895
4075 12980.938477
4076 5853.836426
4077 10888.979492
4078 3435.796143
4079 3010.808838
4080 6973.795898
4081 1972.887085
4082 2691.852539
4083 8024.873047
4084 14127.675781
4085 3538.323975
4086 4831.168457
4087 9608.294922
4088 2435.765869
4089 6485.524414
4090 5815.376953
4091 3163.644043
4092 6212.222168
4093 9240.242188
4094 4537.280273
4095 18602.949219
4096 4622.312012
4097 6513.040039
4098 2850.365967
4099 2606.104248
4100 5643.134277
4101 5323.235840
4102 9818.206055
4103 6820.222168
4104 2609.833496
4105 9952.842773
4106 5223.309082
4107 9028.365234
4108 6032.203125
4109 2097.320312
4110 6613.012695
4111 6863.224121
4112 8296.500000
4113 4268.926270
4114 7186.486328
4115 8793.321289
4116 4442.120605
4117 4739.429688
4118 6827.033203
4119 4883.865723
4120 3410.391357
4121 10623.525391
4122 3417.223389
4123 6656.745605
4124 10509.349609
4125 11781.733398
4126 27390.414062
4127 2986.326660
4128 7925.252441
4129 852.449768
4130 3206.976074
4131 4709.903320
4132 3607.546143
4133 8408.457031
4134 6259.486816
4135 14586.709961
4136 9350.723633
4137 6790.403809
4138 11163.709961
4139 2943.702881
4140 1973.315918
4141 937.495850
4142 2931.570312
4143 10523.682617
4144 7570.289551
4145 1845.391479
4146 4064.713623
4147 8566.858398
4148 7349.006348
4149 7812.002441
4150 7308.622070
4151 8718.336914
4152 12737.433594
4153 7028.014160
4154 8024.825684
4155 5845.438965
4156 6360.477539
4157 8401.826172
4158 9280.461914
4159 12098.966797
4160 11707.001953
4161 10110.525391
4162 7073.883301
4163 4521.605469
4164 5645.392578
4165 20383.636719
4166 10726.941406
4167 5526.204102
4168 4279.125488
4169 3871.043213
4170 23412.929688
4171 6019.015625
4172 3034.092041
4173 11729.071289
4174 4778.740234
4175 2975.559326
4176 2292.488037
4177 6587.061523
4178 10419.168945
4179 5575.209473
4180 5726.931152
4181 7497.769043
4182 3519.258545
4183 4617.179199
4184 6766.566895
4185 1887.651611
4186 11834.162109
4187 2825.142822
4188 3560.930420
4189 2465.384277
4190 8551.922852
4191 4991.508789
4192 11744.293945
4193 6941.691406
4194 8697.804688
4195 4040.816895
4196 9116.353516
4197 3780.473145
4198 3440.638916
4199 2663.345215
4200 8039.223633
4201 2135.252686
4202 5872.484863
4203 3602.670898
4204 9055.127930
4205 2420.662109
4206 2514.426514
4207 5296.232422
4208 6998.984863
4209 7837.369629
4210 7210.256348
4211 5949.634277
4212 2939.109131
4213 17504.968750
4214 8966.182617
4215 3534.989258
4216 4243.549805
4217 4174.365234
4218 8277.477539
4219 9400.031250
4220 8453.832031
4221 3104.137695
4222 4095.781982
4223 4227.944336
4224 4558.177734
4225 6024.887207
4226 2573.065430
4227 4266.171875
4228 8191.898438
4229 602.716003
4230 4277.366211
4231 8429.460938
4232 10893.028320
4233 1666.189941
4234 3241.473145
4235 6059.172363
4236 18740.263672
4237 5172.087402
4238 9766.684570
4239 14003.656250
4240 2433.735352
4241 1900.067383
4242 3133.061523
4243 13712.506836
4244 9596.416992
4245 4073.242432
4246 2035.450195
4247 12094.291016
4248 6539.779785
4249 7175.128906
4250 5591.900391
4251 11028.405273
4252 2533.625244
4253 10960.433594
4254 5877.696777
4255 4663.865234
4256 8581.824219
4257 3479.509277
4258 9067.634766
4259 2873.070557
4260 9204.518555
4261 10658.068359
4262 6568.987305
4263 12588.612305
4264 10634.382812
4265 5033.721680
4266 5771.570312
4267 5077.975098
4268 9365.404297
4269 3248.354492
4270 5939.446289
4271 4262.062988
4272 11054.034180
4273 7210.081543
4274 6406.137695
4275 5426.618652
4276 4897.264648
4277 6676.969238
4278 3188.200684
4279 5584.472168
4280 9551.698242
4281 7670.818359
4282 996.310547
4283 3439.343262
4284 5684.557129
4285 6031.607422
4286 795.383484
4287 2296.852295
4288 17072.087891
4289 15493.091797
4290 2327.461426
4291 5630.031738
4292 10451.607422
4293 9526.086914
4294 3241.437256
4295 7286.488770
4296 2854.483887
4297 7679.271484
4298 3580.188965
4299 2748.556641
4300 1903.299927
4301 3910.950928
4302 4401.207031
4303 4755.098633
4304 12111.062500
4305 7171.831055
4306 4030.923584
4307 9459.758789
4308 10156.855469
4309 11416.418945
4310 1979.033203
4311 4706.934082
4312 12849.527344
4313 11922.576172
4314 4554.345215
4315 3870.472412
4316 11675.804688
4317 5930.178711
4318 3506.397705
4319 9015.319336
4320 8526.145508
4321 4736.887695
4322 3848.192871
4323 7212.695312
4324 6339.440918
4325 5734.259766
4326 9936.786133
4327 10666.480469
4328 4275.252441
4329 6996.836426
4330 5697.698242
4331 5026.676758
4332 4953.573242
4333 6614.326172
4334 10574.624023
4335 13289.541992
4336 12603.758789
4337 1494.014893
4338 3763.708008
4339 7644.723145
4340 9128.245117
4341 5262.427246
4342 9119.427734
4343 4858.070801
4344 1424.408203
4345 3209.845459
4346 12149.995117
4347 10688.767578
4348 3091.505127
4349 3883.408691
4350 6292.105957
4351 4837.228516
4352 7278.513672
4353 3393.222900
4354 8180.811523
4355 5765.865234
4356 4929.092773
4357 12609.616211
4358 5508.608887
4359 1368.374756
4360 2348.857666
4361 6401.497070
4362 7878.617676
4363 5190.742188
4364 3019.826416
4365 9673.791016
4366 9383.536133
4367 2386.334717
4368 5965.917480
4369 8230.563477
4370 300.736694
4371 3401.982422
4372 3856.172363
4373 3323.115723
4374 6477.951172
4375 2691.815918
4376 6159.984863
4377 7923.574707
4378 9127.675781
4379 8087.315918
4380 5735.895508
4381 5057.208984
4382 7569.745117
4383 6334.653320
4384 7408.762695
4385 6181.685547
4386 7265.028320
4387 14961.455078
4388 17452.714844
4389 5059.785156
4390 3456.602295
4391 4303.469238
4392 1553.525024
4393 5761.251465
4394 2675.101074
4395 10647.798828
4396 1993.588379
4397 9657.653320
4398 14239.626953
4399 2306.841797
4400 6044.000488
4401 5913.100098
4402 8136.305176
4403 3890.127686
4404 3460.431885
4405 3395.093262
4406 2557.316895
4407 7837.226562
4408 9862.513672
4409 2691.707764
4410 2860.225830
4411 16865.492188
4412 8276.563477
4413 4821.436035
4414 5977.356445
4415 10473.979492
4416 9152.538086
4417 4009.385010
4418 7596.969727
4419 2268.699463
4420 3112.343994
4421 1823.934448
4422 9054.211914
4423 5053.396973
4424 12318.860352
4425 5455.167480
4426 3857.572021
4427 6861.905762
4428 13009.011719
4429 7229.655273
4430 1875.141968
4431 4986.506348
4432 7217.034180
4433 12148.708984
4434 8625.969727
4435 4590.590332
4436 9409.123047
4437 9267.821289
4438 1885.350098
4439 2597.729980
4440 11452.460938
4441 3358.157471
4442 5752.163574
4443 11062.333008
4444 2397.104492
4445 8772.448242
4446 5507.996582
4447 15777.708984
4448 3291.365479
4449 3806.276611
4450 5981.919434
4451 5139.906250
4452 6754.071777
4453 18062.548828
4454 16738.121094
4455 5208.732422
4456 5305.986328
4457 3132.940918
4458 8266.026367
4459 9449.877930
4460 5792.630371
4461 12768.312500
4462 6912.043457
4463 5747.407715
4464 2729.722412
4465 4502.242188
4466 6659.077148
4467 9372.766602
4468 1432.948730
4469 3268.326172
4470 7015.562988
4471 1659.151855
4472 7119.982910
4473 4175.212402
4474 4072.506104
4475 5411.799316
4476 5457.319824
4477 6136.077637
4478 8557.458008
4479 10067.286133
4480 8111.156250
4481 4462.921387
4482 9897.747070
4483 11632.440430
4484 12714.916016
4485 2299.915771
4486 11914.364258
4487 6999.894531
4488 6075.980957
4489 8892.824219
4490 5855.437012
4491 11670.273438
4492 10489.710938
4493 3283.552979
4494 16607.736328
4495 10345.775391
4496 1429.082031
4497 3331.033203
4498 7749.211426
4499 3564.049805
4500 5941.390625
4501 16090.193359
4502 3402.271484
4503 6758.320801
4504 10083.944336
4505 9794.083008
4506 9197.926758
4507 3195.189697
4508 5886.259766
4509 9132.195312
4510 8043.014648
4511 8637.433594
4512 3493.388672
4513 5634.216797
4514 22724.880859
4515 6887.337891
4516 4924.969727
4517 6470.718750
4518 2536.825195
4519 10474.415039
4520 1883.015625
4521 3739.494629
4522 7933.905762
4523 5512.032715
4524 5218.464844
4525 3668.038818
4526 9389.096680
4527 13313.752930
4528 7933.707520
4529 8515.434570
4530 7941.865234
4531 9844.534180
4532 12459.866211
4533 13697.843750
4534 15831.741211
4535 7748.177734
4536 9677.829102
4537 5419.565918
4538 3730.252686
4539 8096.271973
4540 7550.689453
4541 4124.631348
4542 13567.239258
4543 4536.692383
4544 5886.091797
4545 9803.806641
4546 5728.905762
4547 6764.654785
4548 2016.291626
4549 14828.697266
4550 3427.529053
4551 4388.167480
4552 9460.207031
4553 5183.711426
4554 13450.918945
4555 6650.726562
4556 2398.687500
4557 7077.362305
4558 5597.621094
4559 7684.443359
4560 1252.781738
4561 4147.753418
4562 10457.623047
4563 2424.256592
4564 4083.952148
4565 3934.962891
4566 11423.203125
4567 8674.137695
4568 6558.787109
4569 5545.358398
4570 14728.166016
4571 10798.723633
4572 7258.017578
4573 6553.828125
4574 4798.646484
4575 10429.661133
4576 9821.194336
4577 6324.430664
4578 6804.329102
4579 13911.214844
4580 2383.812744
4581 7867.459961
4582 15650.825195
4583 11583.213867
4584 4527.053711
4585 9068.294922
4586 5061.457031
4587 8424.779297
4588 7426.782715
4589 1829.357666
4590 2264.498779
4591 4915.390137
4592 4042.805176
4593 1008.921936
4594 3996.300293
4595 5801.086426
4596 3648.384277
4597 1532.845825
4598 5732.825195
4599 2493.744141
4600 8691.158203
4601 4308.138184
4602 4774.714844
4603 7565.654785
4604 9087.943359
4605 3909.065918
4606 3988.488525
4607 7857.824707
4608 4010.347900
4609 6318.929688
4610 8097.034180
4611 6402.801758
4612 7751.307617
4613 7800.300781
4614 15583.247070
4615 2500.052979
4616 1351.324463
4617 3645.000244
4618 5350.233398
4619 6281.684570
4620 4416.132812
4621 7917.074219
4622 7768.050781
4623 10225.439453
4624 7086.184082
4625 7730.522461
4626 8729.663086
4627 6795.946289
4628 7431.917969
4629 9365.181641
4630 3886.609863
4631 10310.408203
4632 8200.311523
4633 6875.586914
4634 2957.190186
4635 4300.393555
4636 9892.908203
4637 1946.892212
4638 1002.510681
4639 6080.762695
4640 4123.262207
4641 1807.920776
4642 10881.099609
4643 2769.455322
4644 4263.555664
4645 7986.612793
4646 3345.175781
4647 3923.936523
4648 5015.594727
4649 3862.086670
4650 3961.485840
4651 3859.357422
4652 4049.292236
4653 7754.505859
4654 7347.017578
4655 4074.870117
4656 8887.682617
4657 13214.968750
4658 7018.543945
4659 9609.237305
4660 18641.562500
4661 8725.467773
4662 5856.235840
4663 10869.747070
4664 14245.933594
4665 6581.150391
4666 8469.899414
4667 4859.579590
4668 3565.540527
4669 5109.589844
4670 7699.311035
4671 7609.140625
4672 2054.762939
4673 9848.178711
4674 6010.712402
4675 4115.281250
4676 7453.514648
4677 4030.689941
4678 7989.757812
4679 3764.462891
4680 7219.771484
4681 11784.376953
4682 1978.057251
4683 2370.310547
4684 2981.074707
4685 7341.293945
4686 3234.332764
4687 4998.873535
4688 14413.216797
4689 4137.857422
4690 4540.462891
4691 1779.158569
4692 8574.395508
4693 5952.734863
4694 7003.237305
4695 12936.742188
4696 3623.512939
4697 8972.133789
4698 4589.221191
4699 7548.960938
4700 4321.638672
4701 7952.404297
4702 7037.062500
4703 8701.471680
4704 12269.427734
4705 5581.343750
4706 2535.286865
4707 9627.678711
4708 4298.421875
4709 2742.489990
4710 12064.856445
4711 6021.087891
4712 12015.874023
4713 3480.687744
4714 12949.870117
4715 12726.647461
4716 8937.272461
4717 5831.276855
4718 8646.849609
4719 14264.336914
4720 5491.545898
4721 10517.935547
4722 7822.114746
4723 5029.186035
4724 545.729614
4725 5790.536621
4726 2604.825195
4727 7645.241211
4728 2533.625244
4729 5557.242676
4730 2315.761719
4731 2838.387695
4732 8454.658203
4733 5983.954590
4734 12420.316406
4735 3993.396973
4736 4798.491699
4737 5122.408203
4738 4822.510254
4739 2556.231201
4740 2306.417480
4741 4144.386230
4742 4151.031738
4743 8928.332031
4744 14333.430664
4745 2605.342529
4746 6528.473145
4747 7365.732910
4748 5281.327148
4749 6736.833984
4750 1359.748901
4751 2298.818115
4752 8250.053711
4753 9149.467773
4754 3867.587891
4755 5594.743164
4756 4531.731934
4757 7777.582031
4758 8528.739258
4759 2874.246582
4760 3250.718750
4761 7885.132812
4762 4609.334961
4763 4939.388184
4764 11567.268555
4765 1927.807373
4766 3734.995850
4767 3036.039062
4768 6021.979492
4769 17704.550781
4770 7062.554688
4771 7764.169434
4772 1291.734009
4773 8035.949219
4774 8247.510742
4775 8145.832031
4776 4550.584961
4777 6448.571289
4778 5167.004395
4779 8198.977539
4780 4884.333984
4781 3637.235352
4782 8453.701172
4783 6591.278320
4784 336.463806
4785 2461.117676
4786 7748.981445
4787 2288.064697
4788 4993.723145
4789 8898.806641
4790 5896.396484
4791 4693.468750
4792 22530.042969
4793 1812.122314
4794 8289.975586
4795 2582.882812
4796 11341.511719
4797 3997.319336
4798 5915.798340
4799 3709.272461
4800 14188.270508
4801 5255.548340
4802 6037.775879
4803 3209.077881
4804 8766.130859
4805 1331.211304
4806 6207.526855
4807 8147.234863
4808 11043.865234
4809 5719.763672
4810 23909.236328
4811 8016.888672
4812 3222.454346
4813 6640.877441
4814 3986.295654
4815 8898.381836
4816 4216.526855
4817 5296.809082
4818 10133.946289
4819 5107.820312
4820 7574.431152
4821 8606.962891
4822 12792.352539
4823 2418.807129
4824 3836.879395
4825 9724.609375
4826 4243.711426
4827 5339.963379
4828 17866.900391
4829 4494.726562
4830 3862.627441
4831 11018.167969
4832 12878.994141
4833 7674.198730
4834 6018.762207
4835 3985.371338
4836 3027.377686
4837 5190.290527
4838 10137.761719
4839 6828.350098
4840 10419.195312
4841 5317.144043
4842 3279.632568
4843 6627.194336
4844 4117.169922
4845 7045.115234
4846 4418.810059
4847 8614.006836
4848 4142.363770
4849 7273.974121
4850 1540.955811
4851 5980.478516
4852 5907.098145
4853 10719.291016
4854 7724.860352
4855 4189.783203
4856 10104.219727
4857 6959.323730
4858 18129.107422
4859 6065.918457
4860 5415.931641
4861 4864.115234
4862 6324.142090
4863 7510.871582
4864 5144.077148
4865 2691.516846
4866 6937.123535
4867 6311.426758
4868 5166.166016
4869 8235.179688
4870 10014.779297
4871 4908.642578
4872 4641.550293
4873 11956.139648
4874 5278.181641
4875 9616.012695
4876 6387.216309
4877 13156.619141
4878 6074.438477
4879 12691.263672
4880 4833.402832
4881 6531.350098
4882 8130.776855
4883 3126.989258
4884 9473.785156
4885 11903.898438
4886 4532.491211
4887 5761.020508
4888 5807.854492
4889 6399.884277
4890 5981.901367
4891 6638.534668
4892 5772.641113
4893 3714.426270
4894 7076.797363
4895 9116.757812
4896 13563.275391
4897 3805.373779
4898 3739.064209
4899 601.905945
4900 10583.369141
4901 3617.811768
4902 7547.566406
4903 7046.252930
4904 5801.734863
4905 7507.206543
4906 6899.812500
4907 3215.264893
4908 4642.749512
4909 9536.788086
4910 1860.428589
4911 4005.437256
4912 13537.401367
4913 7574.623535
4914 11074.716797
4915 5604.717285
4916 13637.788086
4917 7703.212891
4918 5716.629395
4919 3011.779541
4920 12231.057617
4921 2322.049561
4922 5698.774902
4923 3862.143555
4924 8337.604492
4925 1758.989014
4926 11946.119141
4927 7208.169434
4928 309.563477
4929 10126.091797
4930 2365.129639
4931 7598.035645
4932 11749.026367
4933 11872.598633
4934 4013.193115
4935 9262.340820
4936 6026.578125
4937 6679.760254
4938 10072.915039
4939 17038.535156
4940 4447.534180
4941 16472.500000
4942 8039.755859
4943 7439.267578
4944 2141.604980
4945 16334.302734
4946 3816.760742
4947 10169.877930
4948 6633.651855
4949 4219.937500
4950 1887.063477
4951 5033.977051
4952 4339.337402
4953 6665.742188
4954 5059.648438
4955 7438.129883
4956 4697.180664
4957 16213.897461
4958 2957.677002
4959 7778.306152
4960 11259.852539
4961 3958.735840
4962 11899.243164
4963 12005.352539
4964 11965.147461
4965 4642.991699
4966 4917.806641
4967 5093.893066
4968 4702.521973
4969 6752.530762
4970 2683.767822
4971 10030.582031
4972 560.329956
4973 4558.060059
4974 8512.868164
4975 4563.882812
4976 9954.855469
4977 9301.935547
4978 8792.647461
4979 7036.539062
4980 5713.026367
4981 9982.296875
4982 3123.587646
4983 1255.062134
4984 4568.535156
4985 3905.445312
4986 2609.614746
4987 10867.096680
4988 6830.439941
4989 3369.126465
4990 4546.139160
4991 6218.502930
4992 10378.794922
4993 4774.435547
4994 9914.315430
4995 5941.744629
4996 10985.232422
4997 2734.034912
4998 5308.772949
4999 4099.692871
