100
0 0
0 1
0 2
0 3
0 4
0 5
0 6
0 7
0 8
0 9
0 10
0 11
0 12
0 13
0 14
0 15
0 16
0 17
0 18
0 19
0 20
0 21
0 22
0 23
0 24
0 25
0 26
0 27
0 28
0 29
0 30
0 31
0 32
0 33
0 34
0 35
0 36
0 37
0 38
0 39
0 40
0 41
0 42
0 43
0 44
0 45
0 46
0 47
0 48
0 49
0 50
0 51
0 52
0 53
0 54
0 55
0 56
0 57
0 58
0 59
0 60
0 61
0 62
0 63
0 64
0 65
0 66
0 67
0 68
0 69
0 70
0 71
0 72
0 73
0 74
0 75
0 76
0 77
0 78
0 79
0 80
0 81
0 82
0 83
0 84
0 85
0 86
0 87
0 88
0 89
0 90
0 91
0 92
0 93
0 94
0 95
0 96
0 97
1 0
1 1
1 3
1 5
1 6
1 7
1 8
1 9
1 11
1 13
1 14
1 15
1 16
1 18
1 20
1 22
1 23
1 24
1 26
1 27
1 28
1 29
1 30
1 32
1 33
1 34
1 35
1 37
1 42
1 43
1 44
1 49
1 53
1 54
1 55
1 56
1 63
1 64
1 68
1 71
1 72
1 73
1 76
1 78
1 81
1 84
1 85
1 86
1 90
1 93
1 94
1 95
1 96
1 97
1 98
2 0
2 1
2 6
2 8
2 11
2 12
2 14
2 16
2 18
2 19
2 22
2 24
2 27
2 28
2 29
2 30
2 31
2 32
2 33
2 34
2 35
2 38
2 39
2 41
2 44
2 45
2 47
2 48
2 49
2 52
2 55
2 61
2 62
2 63
2 64
2 67
2 68
2 71
2 72
2 74
2 75
2 76
2 80
2 83
2 85
2 87
2 88
2 90
2 91
2 92
2 94
2 97
2 98
2 99
3 0
3 1
3 2
3 4
3 6
3 9
3 10
3 13
3 14
3 17
3 18
3 20
3 22
3 26
3 27
3 28
3 33
3 35
3 40
3 41
3 43
3 45
3 47
3 49
3 50
3 51
3 57
3 58
3 59
3 60
3 62
3 63
3 64
3 66
3 67
3 69
3 71
3 74
3 77
3 78
3 84
3 86
3 87
3 88
3 90
3 94
3 97
3 98
4 1
4 5
4 14
4 15
4 18
4 19
4 23
4 26
4 27
4 28
4 30
4 31
4 33
4 34
4 37
4 40
4 42
4 44
4 46
4 47
4 50
4 53
4 54
4 55
4 56
4 60
4 61
4 62
4 63
4 64
4 66
4 67
4 68
4 69
4 71
4 72
4 73
4 74
4 76
4 79
4 80
4 81
4 82
4 83
4 85
4 87
4 88
4 90
4 94
4 95
4 99
5 0
5 3
5 4
5 5
5 6
5 9
5 10
5 11
5 13
5 17
5 18
5 19
5 20
5 23
5 25
5 29
5 31
5 32
5 35
5 38
5 40
5 41
5 42
5 45
5 50
5 53
5 54
5 55
5 56
5 58
5 59
5 60
5 61
5 65
5 66
5 68
5 69
5 73
5 77
5 79
5 80
5 81
5 82
5 83
5 84
5 90
5 91
5 92
5 93
5 94
5 95
5 97
5 98
5 99
6 1
6 7
6 8
6 13
6 15
6 16
6 18
6 22
6 24
6 25
6 26
6 28
6 29
6 30
6 31
6 33
6 35
6 39
6 40
6 43
6 44
6 49
6 51
6 52
6 54
6 56
6 60
6 64
6 66
6 67
6 69
6 70
6 71
6 72
6 73
6 76
6 79
6 80
6 81
6 84
6 85
6 86
6 89
6 90
6 91
6 92
6 93
6 94
6 95
6 96
6 99
7 0
7 1
7 2
7 5
7 7
7 9
7 10
7 11
7 13
7 15
7 16
7 17
7 18
7 19
7 24
7 26
7 29
7 32
7 33
7 35
7 37
7 38
7 44
7 46
7 48
7 50
7 51
7 52
7 54
7 58
7 61
7 63
7 65
7 69
7 70
7 72
7 73
7 75
7 76
7 77
7 78
7 80
7 81
7 82
7 84
7 85
7 86
7 87
7 88
7 90
7 91
7 92
7 94
7 95
7 96
7 97
7 98
7 99
8 2
8 4
8 5
8 6
8 11
8 12
8 16
8 17
8 18
8 20
8 21
8 24
8 26
8 28
8 30
8 32
8 36
8 37
8 38
8 39
8 40
8 41
8 43
8 44
8 46
8 48
8 49
8 50
8 53
8 55
8 56
8 57
8 58
8 59
8 62
8 63
8 65
8 66
8 67
8 71
8 75
8 76
8 80
8 81
8 82
8 83
8 85
8 87
8 88
8 89
8 91
8 92
8 93
8 94
8 95
8 97
9 6
9 7
9 9
9 11
9 13
9 19
9 20
9 26
9 29
9 30
9 32
9 33
9 36
9 37
9 38
9 40
9 41
9 42
9 43
9 47
9 53
9 56
9 58
9 59
9 60
9 62
9 63
9 64
9 65
9 66
9 68
9 74
9 77
9 78
9 80
9 84
9 85
9 88
9 89
9 92
9 93
9 94
9 96
9 98
10 0
10 1
10 3
10 4
10 5
10 6
10 7
10 8
10 9
10 12
10 16
10 17
10 22
10 27
10 28
10 29
10 30
10 32
10 33
10 34
10 39
10 40
10 48
10 49
10 52
10 53
10 55
10 59
10 61
10 62
10 63
10 66
10 67
10 69
10 72
10 76
10 77
10 83
10 86
10 88
10 89
10 90
10 91
10 92
10 94
10 95
10 97
11 0
11 1
11 4
11 5
11 10
11 12
11 13
11 14
11 15
11 18
11 19
11 23
11 28
11 29
11 33
11 34
11 35
11 37
11 41
11 43
11 45
11 49
11 50
11 52
11 53
11 54
11 55
11 56
11 57
11 58
11 59
11 61
11 62
11 72
11 74
11 75
11 77
11 81
11 83
11 84
11 85
11 89
11 90
11 91
11 93
11 94
11 95
11 96
11 97
11 98
11 99
12 0
12 2
12 8
12 11
12 12
12 16
12 18
12 20
12 22
12 24
12 26
12 27
12 31
12 35
12 38
12 42
12 43
12 49
12 52
12 53
12 55
12 56
12 57
12 59
12 60
12 62
12 65
12 66
12 67
12 68
12 70
12 71
12 75
12 78
12 79
12 80
12 81
12 82
12 83
12 85
12 87
12 90
12 91
12 94
12 95
12 96
13 0
13 1
13 2
13 3
13 4
13 5
13 9
13 10
13 11
13 16
13 19
13 21
13 23
13 24
13 31
13 32
13 33
13 34
13 37
13 40
13 41
13 43
13 44
13 48
13 50
13 51
13 52
13 63
13 64
13 65
13 67
13 71
13 74
13 75
13 77
13 79
13 80
13 81
13 82
13 84
13 85
13 87
13 94
13 95
13 96
13 99
14 2
14 7
14 8
14 12
14 13
14 15
14 16
14 19
14 22
14 25
14 26
14 27
14 28
14 29
14 30
14 38
14 39
14 42
14 44
14 45
14 46
14 48
14 49
14 50
14 51
14 53
14 54
14 60
14 61
14 63
14 64
14 67
14 68
14 69
14 71
14 72
14 73
14 74
14 75
14 78
14 79
14 81
14 85
14 88
14 92
14 94
14 96
14 98
15 0
15 1
15 2
15 3
15 5
15 8
15 9
15 10
15 11
15 13
15 14
15 18
15 19
15 21
15 27
15 30
15 31
15 32
15 36
15 39
15 44
15 46
15 50
15 52
15 53
15 55
15 56
15 57
15 59
15 60
15 61
15 62
15 65
15 67
15 69
15 72
15 73
15 76
15 77
15 79
15 80
15 82
15 83
15 84
15 87
15 88
15 89
15 93
15 94
15 96
15 97
15 99
16 2
16 3
16 4
16 5
16 6
16 8
16 10
16 13
16 14
16 15
16 16
16 20
16 21
16 23
16 27
16 28
16 31
16 33
16 36
16 44
16 46
16 51
16 52
16 55
16 58
16 61
16 62
16 63
16 64
16 66
16 69
16 72
16 77
16 80
16 82
16 87
16 89
16 90
16 91
16 94
16 95
16 97
16 98
17 1
17 9
17 10
17 11
17 12
17 18
17 19
17 20
17 23
17 26
17 27
17 28
17 30
17 31
17 34
17 40
17 41
17 49
17 50
17 51
17 52
17 53
17 56
17 57
17 58
17 65
17 67
17 68
17 70
17 73
17 74
17 76
17 77
17 79
17 80
17 84
17 85
17 87
17 89
17 90
17 93
17 94
17 96
17 98
18 0
18 1
18 2
18 3
18 6
18 8
18 9
18 10
18 12
18 14
18 15
18 16
18 17
18 19
18 20
18 21
18 23
18 24
18 26
18 28
18 29
18 33
18 34
18 36
18 39
18 40
18 42
18 43
18 47
18 51
18 52
18 56
18 57
18 61
18 65
18 66
18 68
18 69
18 70
18 72
18 74
18 75
18 76
18 77
18 79
18 80
18 81
18 83
18 84
18 86
18 88
18 92
18 94
18 95
18 96
18 97
18 98
19 0
19 2
19 4
19 10
19 11
19 12
19 13
19 15
19 16
19 18
19 23
19 25
19 31
19 33
19 35
19 38
19 42
19 44
19 46
19 50
19 53
19 54
19 55
19 57
19 58
19 59
19 60
19 61
19 64
19 66
19 67
19 69
19 70
19 71
19 72
19 74
19 75
19 78
19 83
19 85
19 88
19 89
19 90
19 94
19 95
19 99
20 0
20 1
20 5
20 6
20 8
20 9
20 10
20 11
20 12
20 13
20 15
20 16
20 20
20 21
20 24
20 25
20 26
20 28
20 30
20 32
20 33
20 35
20 39
20 40
20 41
20 45
20 47
20 48
20 50
20 51
20 52
20 54
20 55
20 56
20 58
20 64
20 66
20 67
20 69
20 71
20 75
20 76
20 79
20 83
20 85
20 87
20 88
20 89
20 90
20 92
20 93
20 95
20 96
20 97
20 98
21 0
21 1
21 2
21 3
21 5
21 7
21 8
21 9
21 11
21 12
21 14
21 15
21 16
21 17
21 19
21 20
21 21
21 22
21 25
21 26
21 27
21 30
21 31
21 33
21 34
21 37
21 38
21 42
21 43
21 50
21 51
21 52
21 54
21 55
21 56
21 58
21 59
21 60
21 62
21 63
21 64
21 66
21 68
21 73
21 74
21 75
21 78
21 82
21 86
21 87
21 88
21 92
21 93
21 94
21 95
21 96
21 99
22 2
22 3
22 9
22 11
22 12
22 13
22 14
22 15
22 16
22 20
22 25
22 27
22 28
22 29
22 32
22 33
22 34
22 35
22 37
22 38
22 41
22 42
22 43
22 48
22 53
22 60
22 63
22 65
22 72
22 74
22 77
22 79
22 80
22 82
22 83
22 84
22 85
22 91
22 95
22 96
22 97
22 99
23 0
23 1
23 2
23 4
23 7
23 8
23 10
23 12
23 14
23 17
23 20
23 22
23 27
23 28
23 29
23 33
23 35
23 36
23 37
23 40
23 41
23 46
23 48
23 49
23 51
23 53
23 54
23 56
23 57
23 65
23 66
23 67
23 71
23 72
23 75
23 77
23 78
23 81
23 82
23 84
23 86
23 88
23 89
23 90
23 92
23 93
23 95
23 98
24 1
24 3
24 4
24 6
24 8
24 11
24 13
24 15
24 16
24 17
24 18
24 23
24 25
24 26
24 28
24 30
24 31
24 32
24 33
24 36
24 37
24 42
24 44
24 45
24 46
24 50
24 52
24 53
24 55
24 57
24 58
24 59
24 60
24 64
24 65
24 69
24 72
24 75
24 76
24 77
24 78
24 83
24 88
24 89
24 95
24 96
24 97
25 3
25 5
25 14
25 16
25 17
25 18
25 20
25 21
25 22
25 23
25 24
25 25
25 27
25 30
25 32
25 33
25 35
25 38
25 39
25 41
25 42
25 43
25 45
25 46
25 47
25 50
25 51
25 52
25 55
25 57
25 60
25 61
25 62
25 65
25 67
25 68
25 69
25 72
25 73
25 74
25 75
25 79
25 80
25 81
25 85
25 86
25 89
25 91
25 93
25 95
26 0
26 4
26 5
26 6
26 8
26 9
26 10
26 12
26 13
26 14
26 15
26 18
26 21
26 24
26 26
26 27
26 29
26 30
26 31
26 32
26 33
26 35
26 37
26 38
26 40
26 44
26 45
26 46
26 52
26 60
26 61
26 63
26 64
26 67
26 68
26 69
26 70
26 72
26 76
26 77
26 79
26 80
26 81
26 82
26 83
26 84
26 86
26 89
26 91
26 92
26 95
26 98
27 0
27 1
27 4
27 5
27 6
27 9
27 13
27 14
27 16
27 19
27 22
27 23
27 24
27 25
27 26
27 27
27 30
27 31
27 32
27 36
27 37
27 38
27 39
27 41
27 42
27 43
27 46
27 48
27 49
27 50
27 51
27 52
27 57
27 60
27 61
27 62
27 63
27 64
27 65
27 66
27 71
27 72
27 73
27 77
27 79
27 81
27 83
27 88
27 92
27 93
27 94
27 95
27 96
27 97
27 98
27 99
28 0
28 1
28 3
28 4
28 6
28 7
28 8
28 9
28 11
28 14
28 17
28 19
28 20
28 22
28 25
28 26
28 27
28 29
28 31
28 33
28 35
28 36
28 37
28 39
28 43
28 45
28 46
28 50
28 51
28 53
28 57
28 58
28 62
28 63
28 64
28 68
28 69
28 70
28 72
28 74
28 76
28 82
28 83
28 84
28 85
28 86
28 87
28 88
28 89
28 90
28 91
28 92
28 95
28 97
29 3
29 5
29 6
29 7
29 8
29 10
29 13
29 14
29 15
29 19
29 20
29 21
29 22
29 24
29 25
29 29
29 32
29 35
29 36
29 37
29 40
29 43
29 44
29 45
29 47
29 50
29 51
29 52
29 55
29 56
29 58
29 60
29 61
29 64
29 66
29 71
29 73
29 74
29 75
29 77
29 81
29 83
29 84
29 87
29 89
29 90
29 93
29 95
29 98
30 2
30 4
30 6
30 7
30 9
30 12
30 14
30 18
30 20
30 25
30 26
30 28
30 29
30 31
30 32
30 33
30 34
30 38
30 40
30 41
30 44
30 45
30 46
30 47
30 48
30 51
30 52
30 54
30 55
30 56
30 58
30 60
30 61
30 62
30 72
30 75
30 77
30 79
30 83
30 84
30 85
30 89
30 90
30 91
30 95
30 96
30 98
30 99
31 1
31 2
31 6
31 8
31 9
31 10
31 11
31 15
31 16
31 18
31 19
31 20
31 22
31 23
31 24
31 25
31 28
31 29
31 30
31 33
31 36
31 37
31 46
31 47
31 48
31 49
31 50
31 52
31 56
31 60
31 63
31 64
31 68
31 76
31 80
31 81
31 84
31 86
31 89
31 91
31 92
31 93
31 94
31 95
31 96
31 97
31 99
32 0
32 1
32 2
32 4
32 5
32 8
32 12
32 13
32 14
32 16
32 20
32 21
32 22
32 23
32 26
32 27
32 28
32 31
32 32
32 33
32 34
32 36
32 37
32 38
32 41
32 42
32 43
32 51
32 52
32 53
32 55
32 58
32 59
32 61
32 63
32 64
32 65
32 66
32 68
32 71
32 73
32 76
32 79
32 80
32 82
32 85
32 88
32 89
32 90
32 91
32 95
32 96
32 98
33 2
33 4
33 6
33 7
33 9
33 11
33 13
33 16
33 20
33 21
33 23
33 24
33 26
33 27
33 30
33 31
33 33
33 34
33 36
33 38
33 39
33 41
33 42
33 44
33 45
33 48
33 52
33 54
33 55
33 56
33 59
33 60
33 61
33 63
33 66
33 67
33 70
33 75
33 76
33 78
33 81
33 85
33 86
33 87
33 89
33 91
33 93
33 95
33 96
33 99
34 1
34 4
34 6
34 8
34 11
34 14
34 18
34 20
34 21
34 22
34 25
34 26
34 27
34 28
34 29
34 30
34 32
34 33
34 36
34 38
34 41
34 45
34 49
34 51
34 52
34 53
34 54
34 55
34 58
34 63
34 64
34 66
34 70
34 71
34 73
34 74
34 80
34 84
34 85
34 87
34 89
34 90
34 92
34 93
34 94
34 96
35 0
35 1
35 2
35 3
35 5
35 6
35 7
35 8
35 9
35 10
35 12
35 13
35 14
35 16
35 17
35 18
35 19
35 21
35 22
35 23
35 26
35 29
35 30
35 31
35 32
35 35
35 36
35 37
35 42
35 43
35 44
35 46
35 48
35 49
35 50
35 51
35 57
35 58
35 59
35 63
35 65
35 66
35 69
35 71
35 72
35 73
35 75
35 76
35 78
35 80
35 81
35 82
35 83
35 84
35 85
35 86
35 90
35 91
35 93
35 95
35 96
35 97
35 98
35 99
36 0
36 1
36 4
36 6
36 9
36 10
36 11
36 15
36 18
36 22
36 23
36 28
36 29
36 30
36 33
36 34
36 35
36 40
36 41
36 43
36 44
36 46
36 47
36 51
36 52
36 53
36 55
36 56
36 58
36 59
36 60
36 61
36 62
36 63
36 66
36 68
36 69
36 70
36 73
36 75
36 76
36 77
36 78
36 80
36 81
36 82
36 85
36 86
36 88
36 89
36 90
36 94
36 96
36 98
37 0
37 3
37 4
37 6
37 8
37 11
37 12
37 13
37 14
37 15
37 17
37 18
37 19
37 22
37 24
37 25
37 28
37 29
37 31
37 32
37 36
37 37
37 38
37 40
37 41
37 42
37 44
37 45
37 47
37 49
37 50
37 55
37 56
37 58
37 59
37 61
37 63
37 64
37 69
37 70
37 71
37 75
37 76
37 78
37 79
37 80
37 82
37 83
37 85
37 89
37 90
37 93
37 94
37 96
37 97
37 99
38 1
38 2
38 3
38 5
38 7
38 8
38 9
38 10
38 12
38 21
38 25
38 27
38 28
38 29
38 30
38 31
38 36
38 37
38 41
38 44
38 47
38 48
38 50
38 51
38 52
38 53
38 54
38 55
38 56
38 60
38 61
38 62
38 63
38 64
38 68
38 71
38 72
38 73
38 74
38 76
38 77
38 80
38 81
38 82
38 84
38 85
38 86
38 88
38 92
38 93
38 94
38 95
38 96
38 97
38 98
39 0
39 4
39 5
39 6
39 8
39 9
39 10
39 14
39 15
39 16
39 18
39 21
39 24
39 26
39 28
39 30
39 31
39 33
39 34
39 35
39 39
39 40
39 41
39 44
39 45
39 46
39 47
39 48
39 49
39 50
39 55
39 57
39 59
39 60
39 61
39 66
39 69
39 76
39 77
39 78
39 83
39 88
39 91
39 92
39 94
39 95
39 96
39 99
40 2
40 5
40 7
40 9
40 10
40 11
40 18
40 20
40 21
40 22
40 24
40 30
40 34
40 36
40 37
40 38
40 39
40 40
40 43
40 46
40 47
40 48
40 50
40 52
40 55
40 58
40 62
40 67
40 68
40 69
40 73
40 74
40 76
40 77
40 78
40 80
40 83
40 85
40 88
40 89
40 90
40 92
40 95
40 96
40 97
40 99
41 4
41 5
41 6
41 7
41 10
41 12
41 14
41 15
41 16
41 17
41 21
41 23
41 24
41 25
41 27
41 34
41 38
41 43
41 45
41 46
41 47
41 49
41 54
41 55
41 56
41 57
41 59
41 60
41 64
41 65
41 67
41 68
41 69
41 70
41 71
41 72
41 74
41 76
41 78
41 80
41 81
41 83
41 87
41 88
41 90
41 91
41 93
41 94
41 95
41 96
41 97
41 99
42 3
42 5
42 6
42 7
42 8
42 9
42 10
42 14
42 17
42 19
42 20
42 21
42 25
42 26
42 30
42 33
42 36
42 37
42 38
42 41
42 42
42 43
42 44
42 46
42 47
42 49
42 51
42 53
42 54
42 57
42 59
42 60
42 61
42 62
42 63
42 64
42 65
42 66
42 68
42 71
42 72
42 73
42 78
42 80
42 82
42 84
42 85
42 87
42 89
42 91
42 95
42 96
42 97
42 98
43 0
43 3
43 4
43 6
43 7
43 9
43 10
43 12
43 13
43 18
43 20
43 22
43 25
43 26
43 27
43 29
43 31
43 32
43 39
43 40
43 41
43 42
43 45
43 48
43 49
43 51
43 52
43 53
43 54
43 55
43 58
43 60
43 61
43 64
43 66
43 67
43 69
43 71
43 73
43 74
43 75
43 77
43 78
43 80
43 82
43 84
43 89
43 95
43 96
43 97
43 99
44 1
44 2
44 3
44 7
44 9
44 10
44 11
44 12
44 14
44 15
44 17
44 18
44 21
44 25
44 26
44 27
44 31
44 32
44 33
44 35
44 40
44 41
44 42
44 43
44 44
44 47
44 49
44 54
44 56
44 58
44 62
44 63
44 64
44 65
44 66
44 67
44 68
44 69
44 70
44 72
44 74
44 76
44 77
44 79
44 82
44 83
44 86
44 88
44 89
44 91
44 92
44 93
44 94
44 96
44 99
45 0
45 1
45 2
45 5
45 6
45 7
45 9
45 11
45 12
45 13
45 15
45 17
45 18
45 19
45 21
45 23
45 25
45 28
45 30
45 31
45 32
45 33
45 34
45 35
45 40
45 42
45 45
45 48
45 49
45 50
45 51
45 52
45 53
45 54
45 55
45 56
45 57
45 60
45 61
45 62
45 65
45 68
45 70
45 71
45 72
45 74
45 75
45 77
45 78
45 79
45 80
45 84
45 85
45 86
45 89
45 90
45 91
45 92
45 95
45 96
45 99
46 1
46 3
46 4
46 5
46 7
46 8
46 9
46 12
46 13
46 15
46 17
46 18
46 19
46 20
46 24
46 26
46 29
46 30
46 31
46 33
46 36
46 37
46 38
46 44
46 46
46 47
46 48
46 52
46 53
46 56
46 60
46 62
46 64
46 65
46 69
46 71
46 72
46 74
46 83
46 84
46 85
46 86
46 87
46 88
46 90
46 95
46 96
47 2
47 3
47 4
47 7
47 10
47 16
47 17
47 18
47 20
47 23
47 25
47 26
47 27
47 28
47 29
47 30
47 31
47 32
47 34
47 37
47 40
47 41
47 42
47 43
47 44
47 45
47 46
47 53
47 54
47 59
47 60
47 61
47 62
47 63
47 66
47 68
47 69
47 70
47 72
47 74
47 76
47 77
47 78
47 79
47 80
47 81
47 82
47 85
47 88
47 91
47 93
47 96
47 97
48 0
48 1
48 4
48 5
48 9
48 12
48 13
48 15
48 20
48 22
48 23
48 24
48 25
48 26
48 29
48 31
48 32
48 34
48 36
48 38
48 40
48 41
48 47
48 50
48 51
48 55
48 56
48 57
48 58
48 59
48 60
48 61
48 62
48 64
48 69
48 75
48 79
48 81
48 84
48 85
48 86
48 90
48 91
48 92
48 94
48 96
48 98
48 99
49 0
49 1
49 2
49 6
49 9
49 10
49 11
49 14
49 15
49 16
49 17
49 18
49 19
49 20
49 22
49 23
49 24
49 26
49 30
49 33
49 36
49 37
49 39
49 46
49 47
49 48
49 53
49 54
49 55
49 57
49 58
49 60
49 61
49 63
49 66
49 67
49 68
49 71
49 73
49 74
49 76
49 78
49 81
49 83
49 84
49 87
49 88
49 90
49 92
49 95
49 96
49 97
50 0
50 2
50 3
50 4
50 5
50 6
50 8
50 13
50 14
50 15
50 16
50 17
50 20
50 21
50 24
50 26
50 29
50 31
50 33
50 34
50 35
50 40
50 43
50 44
50 45
50 52
50 53
50 55
50 56
50 58
50 59
50 60
50 61
50 62
50 63
50 66
50 67
50 69
50 70
50 71
50 72
50 73
50 75
50 78
50 84
50 85
50 86
50 88
50 92
50 93
50 95
50 96
50 97
50 99
51 1
51 2
51 3
51 5
51 10
51 13
51 15
51 17
51 18
51 19
51 20
51 21
51 27
51 28
51 30
51 31
51 36
51 37
51 38
51 39
51 40
51 43
51 44
51 49
51 50
51 51
51 52
51 53
51 55
51 56
51 58
51 62
51 66
51 67
51 68
51 70
51 73
51 74
51 75
51 76
51 77
51 78
51 79
51 81
51 82
51 83
51 85
51 86
51 88
51 91
51 96
51 97
51 98
51 99
52 0
52 2
52 3
52 4
52 7
52 8
52 11
52 12
52 13
52 14
52 15
52 18
52 19
52 22
52 25
52 29
52 30
52 31
52 35
52 39
52 41
52 43
52 45
52 46
52 47
52 48
52 51
52 53
52 54
52 57
52 60
52 61
52 62
52 63
52 64
52 65
52 67
52 69
52 73
52 77
52 78
52 80
52 82
52 84
52 85
52 89
52 91
52 96
52 97
52 98
52 99
53 4
53 7
53 8
53 10
53 13
53 15
53 17
53 18
53 27
53 28
53 30
53 31
53 33
53 34
53 35
53 36
53 44
53 45
53 46
53 47
53 49
53 50
53 52
53 53
53 55
53 57
53 59
53 60
53 61
53 62
53 63
53 67
53 70
53 75
53 76
53 79
53 80
53 82
53 84
53 85
53 86
53 87
53 89
53 90
53 91
53 92
53 95
53 97
53 98
53 99
54 0
54 2
54 3
54 6
54 7
54 9
54 11
54 12
54 13
54 14
54 15
54 16
54 19
54 20
54 21
54 22
54 24
54 25
54 29
54 30
54 31
54 32
54 37
54 38
54 40
54 42
54 44
54 46
54 52
54 53
54 55
54 58
54 60
54 62
54 63
54 66
54 67
54 68
54 70
54 73
54 74
54 76
54 84
54 86
54 88
54 94
54 97
54 98
54 99
55 0
55 1
55 3
55 5
55 6
55 7
55 8
55 10
55 13
55 17
55 19
55 20
55 22
55 23
55 25
55 26
55 28
55 29
55 36
55 37
55 38
55 40
55 41
55 48
55 50
55 53
55 54
55 55
55 57
55 58
55 59
55 61
55 64
55 68
55 69
55 70
55 71
55 73
55 74
55 75
55 77
55 78
55 79
55 80
55 81
55 83
55 85
55 90
55 92
55 93
55 95
55 96
55 98
55 99
56 5
56 6
56 9
56 10
56 11
56 13
56 16
56 17
56 19
56 20
56 21
56 24
56 26
56 28
56 29
56 30
56 31
56 32
56 33
56 34
56 35
56 37
56 38
56 41
56 42
56 47
56 48
56 50
56 52
56 53
56 56
56 58
56 60
56 62
56 65
56 69
56 70
56 75
56 79
56 81
56 82
56 83
56 89
56 91
56 92
56 94
56 95
56 96
56 97
56 98
56 99
57 0
57 1
57 2
57 3
57 4
57 5
57 8
57 9
57 10
57 11
57 13
57 15
57 16
57 18
57 19
57 20
57 21
57 23
57 24
57 25
57 28
57 30
57 32
57 34
57 35
57 36
57 38
57 40
57 42
57 43
57 44
57 49
57 50
57 52
57 53
57 54
57 56
57 57
57 58
57 63
57 64
57 65
57 68
57 69
57 70
57 75
57 79
57 81
57 82
57 83
57 84
57 86
57 88
57 91
57 92
57 94
57 96
57 97
57 98
57 99
58 0
58 1
58 2
58 3
58 5
58 10
58 14
58 15
58 18
58 20
58 21
58 22
58 24
58 30
58 31
58 33
58 40
58 43
58 45
58 47
58 49
58 50
58 51
58 54
58 55
58 56
58 57
58 58
58 59
58 60
58 61
58 63
58 66
58 70
58 71
58 73
58 76
58 78
58 79
58 80
58 83
58 84
58 85
58 90
58 91
58 92
58 93
58 94
58 95
58 96
58 98
58 99
59 2
59 5
59 6
59 7
59 11
59 12
59 14
59 16
59 17
59 19
59 20
59 21
59 25
59 26
59 27
59 29
59 32
59 33
59 34
59 35
59 36
59 39
59 43
59 45
59 46
59 47
59 48
59 49
59 53
59 54
59 58
59 60
59 62
59 63
59 64
59 69
59 70
59 72
59 76
59 77
59 78
59 80
59 82
59 83
59 84
59 87
59 89
59 92
59 93
59 94
59 95
59 96
59 97
59 98
59 99
60 1
60 2
60 4
60 5
60 8
60 9
60 10
60 12
60 14
60 17
60 20
60 24
60 25
60 26
60 28
60 29
60 30
60 31
60 34
60 35
60 37
60 38
60 39
60 40
60 42
60 46
60 49
60 50
60 51
60 52
60 53
60 54
60 56
60 57
60 61
60 62
60 64
60 65
60 66
60 67
60 71
60 72
60 73
60 75
60 77
60 81
60 82
60 83
60 86
60 87
60 88
60 89
60 90
60 91
60 93
60 94
60 95
60 98
61 0
61 1
61 4
61 6
61 7
61 8
61 9
61 10
61 11
61 15
61 17
61 22
61 24
61 25
61 26
61 27
61 28
61 30
61 33
61 35
61 36
61 40
61 41
61 42
61 44
61 45
61 46
61 47
61 49
61 50
61 52
61 53
61 58
61 59
61 61
61 66
61 69
61 75
61 76
61 77
61 78
61 84
61 85
61 87
61 88
61 90
61 91
61 92
61 93
61 95
61 96
61 97
61 98
62 0
62 3
62 6
62 7
62 8
62 10
62 11
62 14
62 16
62 18
62 22
62 23
62 24
62 25
62 27
62 28
62 30
62 33
62 34
62 36
62 38
62 41
62 42
62 43
62 44
62 45
62 46
62 48
62 51
62 52
62 53
62 56
62 58
62 64
62 65
62 72
62 74
62 76
62 80
62 82
62 84
62 85
62 88
62 97
62 98
63 0
63 1
63 4
63 11
63 13
63 14
63 15
63 19
63 22
63 24
63 27
63 28
63 29
63 30
63 33
63 35
63 36
63 38
63 41
63 42
63 45
63 46
63 48
63 49
63 50
63 51
63 53
63 54
63 55
63 56
63 60
63 61
63 63
63 69
63 73
63 77
63 79
63 80
63 81
63 83
63 87
63 90
63 91
63 92
63 93
63 95
63 96
63 98
63 99
64 0
64 1
64 2
64 3
64 4
64 5
64 6
64 7
64 8
64 9
64 10
64 13
64 14
64 15
64 16
64 17
64 19
64 20
64 24
64 26
64 27
64 29
64 31
64 35
64 36
64 37
64 38
64 43
64 44
64 45
64 47
64 51
64 53
64 54
64 56
64 57
64 58
64 61
64 62
64 64
64 67
64 68
64 69
64 70
64 72
64 74
64 76
64 77
64 78
64 80
64 82
64 84
64 85
64 89
64 98
64 99
65 0
65 2
65 6
65 8
65 11
65 13
65 14
65 15
65 17
65 25
65 28
65 29
65 31
65 33
65 34
65 39
65 40
65 43
65 45
65 46
65 49
65 50
65 52
65 53
65 54
65 57
65 60
65 62
65 63
65 66
65 68
65 70
65 74
65 76
65 78
65 80
65 83
65 84
65 85
65 86
65 88
65 89
65 93
65 94
65 96
65 98
66 1
66 3
66 4
66 6
66 7
66 10
66 13
66 14
66 16
66 20
66 23
66 24
66 25
66 26
66 28
66 29
66 30
66 32
66 33
66 34
66 36
66 38
66 40
66 43
66 45
66 46
66 47
66 48
66 49
66 50
66 52
66 53
66 57
66 58
66 59
66 60
66 62
66 64
66 67
66 68
66 70
66 73
66 74
66 77
66 78
66 79
66 82
66 84
66 85
66 87
66 88
66 89
66 90
66 92
66 95
66 96
66 98
67 1
67 3
67 5
67 6
67 9
67 10
67 11
67 12
67 14
67 15
67 17
67 19
67 20
67 21
67 22
67 25
67 26
67 27
67 28
67 29
67 30
67 33
67 34
67 39
67 40
67 41
67 43
67 45
67 50
67 51
67 56
67 57
67 58
67 60
67 63
67 64
67 65
67 67
67 71
67 76
67 80
67 81
67 82
67 83
67 84
67 85
67 86
67 88
67 93
67 94
67 95
67 97
67 98
68 1
68 4
68 7
68 8
68 10
68 12
68 14
68 19
68 22
68 24
68 26
68 29
68 36
68 38
68 43
68 45
68 46
68 48
68 49
68 50
68 51
68 52
68 54
68 55
68 56
68 58
68 59
68 60
68 61
68 62
68 65
68 67
68 68
68 69
68 70
68 71
68 72
68 73
68 75
68 77
68 79
68 81
68 83
68 85
68 87
68 88
68 89
68 92
68 93
68 95
68 98
68 99
69 0
69 1
69 8
69 10
69 11
69 12
69 13
69 15
69 17
69 19
69 22
69 23
69 24
69 27
69 32
69 35
69 38
69 39
69 44
69 45
69 46
69 47
69 58
69 60
69 65
69 67
69 68
69 69
69 73
69 75
69 77
69 78
69 80
69 81
69 84
69 87
69 88
69 89
69 92
69 96
69 98
69 99
70 1
70 2
70 5
70 6
70 13
70 15
70 16
70 18
70 20
70 21
70 23
70 24
70 25
70 26
70 27
70 28
70 31
70 32
70 33
70 34
70 37
70 40
70 41
70 43
70 46
70 47
70 52
70 54
70 56
70 58
70 59
70 61
70 63
70 66
70 68
70 70
70 72
70 73
70 75
70 77
70 80
70 84
70 85
70 88
70 90
70 91
70 92
70 94
70 98
70 99
71 1
71 2
71 3
71 4
71 5
71 7
71 9
71 10
71 11
71 12
71 14
71 16
71 18
71 19
71 23
71 25
71 26
71 30
71 32
71 33
71 38
71 39
71 40
71 41
71 43
71 44
71 46
71 50
71 52
71 54
71 55
71 56
71 57
71 59
71 60
71 61
71 66
71 67
71 72
71 74
71 78
71 80
71 86
71 88
71 89
71 90
71 92
71 93
71 95
71 96
71 97
71 98
72 3
72 4
72 5
72 7
72 8
72 9
72 12
72 19
72 20
72 21
72 22
72 24
72 28
72 31
72 32
72 34
72 36
72 37
72 38
72 39
72 41
72 42
72 43
72 46
72 49
72 51
72 52
72 53
72 56
72 59
72 61
72 63
72 64
72 65
72 66
72 67
72 69
72 73
72 76
72 77
72 78
72 79
72 80
72 81
72 82
72 85
72 88
72 90
72 91
72 92
72 93
72 94
72 95
72 96
72 98
72 99
73 0
73 4
73 7
73 8
73 9
73 13
73 15
73 18
73 19
73 20
73 22
73 24
73 26
73 29
73 32
73 35
73 39
73 46
73 48
73 53
73 56
73 59
73 60
73 62
73 63
73 65
73 78
73 79
73 81
73 82
73 83
73 86
73 87
73 89
73 91
73 96
73 98
73 99
74 1
74 2
74 3
74 4
74 6
74 7
74 10
74 12
74 14
74 15
74 21
74 24
74 28
74 29
74 31
74 33
74 35
74 36
74 38
74 39
74 45
74 46
74 47
74 50
74 52
74 53
74 59
74 65
74 67
74 68
74 69
74 70
74 71
74 72
74 73
74 74
74 75
74 77
74 80
74 84
74 87
74 88
74 91
74 92
74 93
74 94
74 95
74 97
74 98
74 99
75 1
75 3
75 6
75 7
75 8
75 9
75 10
75 12
75 15
75 19
75 21
75 23
75 28
75 29
75 30
75 33
75 34
75 35
75 36
75 41
75 43
75 44
75 49
75 50
75 51
75 57
75 59
75 61
75 62
75 65
75 66
75 68
75 69
75 71
75 72
75 73
75 74
75 76
75 77
75 82
75 85
75 90
75 92
75 93
75 94
75 98
75 99
76 2
76 3
76 4
76 6
76 7
76 8
76 10
76 16
76 17
76 20
76 21
76 23
76 25
76 26
76 29
76 32
76 33
76 34
76 35
76 36
76 41
76 44
76 45
76 51
76 53
76 57
76 58
76 61
76 65
76 66
76 67
76 69
76 70
76 74
76 75
76 76
76 77
76 78
76 79
76 84
76 85
76 87
76 89
76 91
76 94
76 98
77 0
77 1
77 3
77 4
77 5
77 8
77 9
77 10
77 11
77 12
77 13
77 14
77 17
77 19
77 20
77 23
77 25
77 28
77 29
77 33
77 34
77 35
77 37
77 38
77 39
77 45
77 48
77 50
77 53
77 54
77 55
77 57
77 58
77 59
77 60
77 62
77 63
77 64
77 66
77 67
77 68
77 70
77 72
77 73
77 75
77 76
77 78
77 80
77 81
77 83
77 85
77 87
77 88
77 94
77 95
77 98
78 0
78 1
78 4
78 6
78 11
78 12
78 14
78 16
78 17
78 18
78 20
78 21
78 23
78 24
78 29
78 31
78 34
78 35
78 38
78 40
78 41
78 44
78 45
78 47
78 49
78 50
78 52
78 54
78 60
78 63
78 65
78 66
78 70
78 71
78 73
78 74
78 75
78 80
78 86
78 89
78 91
78 97
78 98
79 2
79 4
79 6
79 7
79 10
79 17
79 20
79 22
79 23
79 24
79 25
79 26
79 27
79 28
79 30
79 31
79 34
79 35
79 39
79 42
79 45
79 48
79 52
79 53
79 54
79 58
79 59
79 60
79 63
79 65
79 66
79 69
79 70
79 72
79 74
79 75
79 77
79 78
79 79
79 81
79 82
79 83
79 86
79 87
79 91
79 93
79 94
79 98
80 0
80 2
80 3
80 8
80 10
80 11
80 12
80 17
80 18
80 19
80 20
80 21
80 23
80 25
80 26
80 27
80 28
80 30
80 31
80 38
80 42
80 44
80 47
80 48
80 49
80 51
80 53
80 55
80 61
80 62
80 65
80 68
80 69
80 75
80 79
80 80
80 81
80 83
80 85
80 88
80 91
80 93
80 94
80 97
80 98
81 0
81 1
81 3
81 4
81 7
81 11
81 12
81 13
81 15
81 17
81 19
81 20
81 23
81 25
81 26
81 31
81 32
81 38
81 40
81 41
81 42
81 48
81 50
81 53
81 57
81 58
81 59
81 60
81 61
81 65
81 68
81 69
81 70
81 72
81 74
81 75
81 77
81 79
81 80
81 81
81 83
81 84
81 87
81 88
81 89
81 91
81 93
81 94
81 98
81 99
82 0
82 5
82 7
82 11
82 12
82 20
82 22
82 24
82 27
82 29
82 30
82 32
82 33
82 38
82 41
82 42
82 45
82 51
82 52
82 53
82 54
82 60
82 61
82 63
82 65
82 66
82 68
82 72
82 73
82 75
82 80
82 85
82 88
82 91
82 92
82 93
82 95
82 97
82 98
82 99
83 0
83 1
83 2
83 5
83 7
83 10
83 11
83 13
83 14
83 16
83 17
83 21
83 22
83 23
83 25
83 26
83 30
83 31
83 33
83 38
83 41
83 42
83 46
83 47
83 49
83 53
83 54
83 56
83 59
83 60
83 62
83 63
83 64
83 65
83 66
83 67
83 68
83 69
83 71
83 73
83 74
83 84
83 85
83 86
83 89
83 91
83 92
83 93
83 97
83 99
84 4
84 5
84 6
84 7
84 9
84 10
84 12
84 13
84 16
84 17
84 18
84 19
84 20
84 21
84 26
84 28
84 29
84 30
84 32
84 33
84 37
84 41
84 43
84 44
84 45
84 49
84 50
84 51
84 53
84 56
84 57
84 61
84 63
84 65
84 66
84 69
84 70
84 71
84 72
84 73
84 79
84 80
84 81
84 83
84 86
84 87
84 88
84 89
84 90
84 91
84 96
84 98
84 99
85 0
85 4
85 5
85 8
85 10
85 11
85 12
85 13
85 15
85 19
85 20
85 22
85 25
85 27
85 28
85 29
85 31
85 32
85 33
85 34
85 35
85 38
85 39
85 44
85 45
85 46
85 47
85 48
85 50
85 56
85 57
85 58
85 59
85 61
85 65
85 66
85 68
85 75
85 76
85 77
85 78
85 80
85 82
85 83
85 85
85 86
85 87
85 91
85 94
85 98
85 99
86 1
86 2
86 4
86 5
86 6
86 7
86 8
86 10
86 17
86 22
86 24
86 27
86 29
86 36
86 38
86 42
86 43
86 44
86 45
86 46
86 47
86 49
86 50
86 53
86 55
86 56
86 57
86 63
86 65
86 66
86 68
86 71
86 73
86 75
86 79
86 80
86 82
86 83
86 84
86 88
86 91
86 92
86 93
86 95
86 97
86 98
86 99
87 0
87 4
87 5
87 6
87 8
87 10
87 15
87 18
87 19
87 20
87 22
87 24
87 25
87 26
87 27
87 28
87 29
87 32
87 36
87 41
87 42
87 45
87 46
87 48
87 53
87 55
87 59
87 60
87 64
87 69
87 70
87 76
87 77
87 78
87 81
87 82
87 85
87 88
87 92
87 97
87 99
88 1
88 2
88 4
88 6
88 8
88 10
88 11
88 12
88 15
88 16
88 18
88 19
88 21
88 22
88 23
88 24
88 26
88 28
88 30
88 31
88 32
88 34
88 35
88 38
88 42
88 43
88 45
88 48
88 50
88 52
88 54
88 55
88 57
88 58
88 59
88 60
88 66
88 67
88 69
88 70
88 71
88 72
88 77
88 79
88 80
88 81
88 82
88 84
88 85
88 86
88 90
88 91
88 94
88 95
88 97
88 99
89 1
89 2
89 3
89 4
89 6
89 7
89 8
89 9
89 10
89 16
89 19
89 21
89 23
89 24
89 27
89 28
89 31
89 32
89 33
89 36
89 40
89 41
89 44
89 45
89 47
89 48
89 51
89 52
89 53
89 55
89 56
89 62
89 63
89 65
89 67
89 68
89 71
89 72
89 74
89 76
89 77
89 78
89 80
89 84
89 86
89 88
89 91
89 93
89 94
89 97
89 99
90 0
90 2
90 8
90 15
90 16
90 18
90 21
90 22
90 26
90 28
90 29
90 32
90 33
90 35
90 36
90 37
90 38
90 40
90 43
90 45
90 47
90 48
90 49
90 50
90 51
90 53
90 54
90 56
90 59
90 60
90 61
90 62
90 68
90 69
90 72
90 73
90 74
90 77
90 78
90 79
90 81
90 85
90 87
90 91
90 92
90 99
91 0
91 2
91 3
91 4
91 6
91 7
91 8
91 11
91 12
91 14
91 15
91 17
91 18
91 20
91 21
91 22
91 23
91 24
91 25
91 26
91 27
91 28
91 29
91 31
91 32
91 33
91 35
91 36
91 37
91 40
91 41
91 42
91 43
91 44
91 47
91 48
91 49
91 50
91 51
91 52
91 53
91 57
91 62
91 63
91 65
91 67
91 69
91 71
91 73
91 75
91 77
91 78
91 79
91 83
91 84
91 88
91 91
91 93
91 94
91 97
91 99
92 2
92 4
92 7
92 8
92 9
92 10
92 11
92 12
92 13
92 14
92 15
92 17
92 18
92 19
92 20
92 21
92 22
92 23
92 28
92 33
92 35
92 36
92 38
92 40
92 43
92 44
92 45
92 47
92 49
92 50
92 51
92 59
92 62
92 64
92 67
92 69
92 70
92 72
92 73
92 74
92 77
92 81
92 82
92 84
92 87
92 91
92 94
92 95
92 97
92 99
93 3
93 4
93 5
93 12
93 18
93 21
93 22
93 24
93 25
93 27
93 31
93 42
93 43
93 45
93 46
93 50
93 54
93 55
93 56
93 57
93 58
93 60
93 61
93 62
93 64
93 65
93 67
93 73
93 75
93 77
93 78
93 82
93 84
93 86
93 88
93 92
93 93
93 95
93 96
93 99
94 2
94 3
94 4
94 5
94 8
94 9
94 11
94 13
94 14
94 15
94 16
94 18
94 20
94 22
94 24
94 25
94 26
94 30
94 33
94 34
94 37
94 39
94 40
94 43
94 45
94 47
94 49
94 51
94 52
94 53
94 54
94 55
94 57
94 58
94 60
94 61
94 62
94 63
94 66
94 69
94 71
94 78
94 80
94 81
94 82
94 83
94 87
94 88
94 89
94 90
94 96
94 97
94 98
94 99
95 0
95 1
95 3
95 4
95 6
95 7
95 10
95 11
95 16
95 18
95 21
95 22
95 24
95 25
95 26
95 30
95 31
95 32
95 33
95 36
95 37
95 39
95 41
95 42
95 45
95 47
95 50
95 52
95 56
95 57
95 58
95 60
95 62
95 66
95 67
95 68
95 69
95 70
95 71
95 74
95 76
95 78
95 79
95 81
95 82
95 83
95 84
95 86
95 87
95 88
95 90
95 91
95 92
95 94
95 95
95 99
96 0
96 1
96 2
96 4
96 5
96 7
96 8
96 11
96 12
96 17
96 18
96 19
96 23
96 24
96 27
96 30
96 33
96 35
96 39
96 41
96 43
96 44
96 47
96 48
96 49
96 51
96 53
96 55
96 56
96 59
96 60
96 62
96 63
96 64
96 65
96 67
96 69
96 75
96 79
96 80
96 82
96 83
96 84
96 85
96 89
96 91
96 92
96 93
96 96
96 98
96 99
97 0
97 1
97 2
97 3
97 4
97 5
97 7
97 8
97 11
97 12
97 13
97 16
97 17
97 18
97 19
97 21
97 23
97 26
97 27
97 32
97 34
97 36
97 38
97 39
97 41
97 43
97 44
97 48
97 49
97 50
97 51
97 53
97 56
97 57
97 59
97 60
97 62
97 65
97 68
97 69
97 70
97 71
97 72
97 73
97 74
97 76
97 77
97 79
97 81
97 85
97 87
97 92
97 95
97 96
97 97
97 98
97 99
98 2
98 3
98 4
98 6
98 7
98 8
98 9
98 11
98 14
98 16
98 18
98 23
98 26
98 27
98 28
98 30
98 32
98 34
98 36
98 37
98 38
98 41
98 43
98 45
98 46
98 47
98 48
98 49
98 50
98 52
98 53
98 54
98 55
98 59
98 60
98 61
98 62
98 64
98 65
98 70
98 72
98 73
98 74
98 75
98 77
98 78
98 83
98 85
98 90
98 91
98 92
98 93
98 94
98 97
98 98
98 99
99 0
99 3
99 4
99 7
99 8
99 9
99 10
99 11
99 13
99 16
99 19
99 21
99 23
99 25
99 26
99 33
99 34
99 35
99 36
99 37
99 38
99 40
99 42
99 43
99 45
99 46
99 47
99 48
99 49
99 51
99 55
99 56
99 57
99 58
99 59
99 62
99 64
99 69
99 71
99 72
99 73
99 75
99 77
99 79
99 86
99 87
99 88
99 89
99 90
99 91
99 92
99 96
99 99
