20
0 0
0 1
0 2
0 3
0 4
0 5
0 6
0 7
0 8
0 9
0 10
0 11
0 12
0 13
0 14
0 15
0 16
0 17
0 19
1 0
1 4
1 6
1 7
1 8
1 9
1 10
1 11
1 14
1 17
1 18
2 0
2 4
2 6
2 7
2 9
2 11
2 14
2 15
2 17
2 18
2 19
3 1
3 4
3 6
3 8
3 14
3 15
3 18
3 19
4 0
4 1
4 3
4 8
4 9
4 11
4 14
4 18
4 19
5 3
5 5
5 7
5 8
5 9
5 12
5 15
5 18
5 19
6 0
6 1
6 11
6 16
6 18
6 19
7 1
7 3
7 8
7 9
7 12
7 15
7 18
7 19
8 1
8 4
8 6
8 13
8 14
8 16
8 17
8 19
9 0
9 2
9 4
9 5
9 6
9 7
9 14
9 15
9 19
10 2
10 4
10 5
10 7
10 9
10 10
10 11
10 12
10 14
10 19
11 0
11 3
11 4
11 5
11 7
11 8
11 12
11 16
11 17
11 18
11 19
12 1
12 2
12 3
12 4
12 7
12 8
12 10
12 14
12 15
12 16
12 17
12 18
12 19
13 1
13 2
13 3
13 4
13 5
13 6
13 9
13 13
13 15
13 16
13 18
13 19
14 5
14 8
14 9
14 10
14 11
14 16
14 17
14 19
15 4
15 7
15 9
15 10
15 12
15 14
15 16
15 17
15 19
16 1
16 2
16 4
16 5
16 8
16 9
16 11
16 12
16 13
16 15
16 16
16 19
17 0
17 1
17 4
17 5
17 7
17 10
17 12
17 13
17 14
17 17
17 18
17 19
18 1
18 2
18 5
18 6
18 8
18 9
18 17
18 18
18 19
19 0
19 2
19 3
19 4
19 6
19 8
19 10
19 16
19 17
19 19
