40
0 0
0 1
0 2
0 3
0 4
0 5
0 6
0 7
0 8
0 9
0 10
0 11
0 12
0 13
0 14
0 15
0 16
0 17
0 18
0 19
0 20
0 21
0 22
0 23
0 24
0 25
0 26
0 27
0 28
0 29
0 30
0 31
0 32
0 33
0 34
0 35
0 38
0 39
1 0
1 1
1 2
1 5
1 7
1 10
1 11
1 12
1 15
1 16
1 20
1 21
1 22
1 23
1 25
1 27
1 28
1 29
1 31
1 33
1 37
1 39
2 0
2 1
2 3
2 4
2 8
2 10
2 12
2 14
2 16
2 17
2 18
2 21
2 25
2 26
2 27
2 29
2 31
2 39
3 0
3 1
3 5
3 7
3 8
3 9
3 11
3 15
3 16
3 17
3 19
3 22
3 25
3 29
3 31
3 34
3 36
4 0
4 6
4 8
4 9
4 10
4 11
4 12
4 14
4 15
4 18
4 20
4 21
4 22
4 23
4 24
4 27
4 30
4 31
4 33
4 36
4 37
5 2
5 3
5 5
5 8
5 9
5 12
5 13
5 14
5 17
5 18
5 20
5 21
5 23
5 28
5 31
5 32
5 33
5 35
5 36
5 38
6 3
6 4
6 5
6 6
6 7
6 8
6 9
6 16
6 21
6 23
6 24
6 28
6 29
6 31
6 32
6 33
6 35
6 36
6 37
7 2
7 4
7 5
7 6
7 8
7 9
7 11
7 15
7 16
7 18
7 21
7 22
7 23
7 24
7 25
7 27
7 29
7 30
7 31
7 32
7 33
7 34
7 36
8 1
8 4
8 8
8 9
8 11
8 12
8 13
8 17
8 18
8 19
8 21
8 23
8 24
8 25
8 27
8 30
8 32
8 33
8 34
8 35
8 38
8 39
9 3
9 4
9 6
9 8
9 9
9 10
9 11
9 13
9 14
9 15
9 17
9 20
9 23
9 24
9 25
9 27
9 28
9 29
9 31
9 32
9 34
9 35
9 36
9 38
10 0
10 3
10 4
10 5
10 7
10 9
10 11
10 12
10 16
10 19
10 23
10 24
10 25
10 28
10 29
10 32
10 34
10 36
10 37
10 39
11 2
11 3
11 5
11 10
11 13
11 14
11 15
11 18
11 19
11 20
11 22
11 23
11 26
11 29
11 30
11 32
11 34
12 1
12 5
12 7
12 8
12 9
12 11
12 12
12 17
12 20
12 21
12 22
12 25
12 28
12 31
12 32
12 34
12 36
12 37
12 38
12 39
13 0
13 1
13 4
13 8
13 13
13 14
13 17
13 19
13 23
13 26
13 27
13 28
13 34
13 35
13 36
13 37
13 38
14 4
14 5
14 8
14 10
14 11
14 18
14 19
14 25
14 27
14 29
14 30
14 32
14 33
14 35
14 36
14 38
15 2
15 5
15 8
15 16
15 18
15 19
15 23
15 27
15 28
15 29
15 30
15 31
15 36
15 38
15 39
16 1
16 2
16 4
16 5
16 6
16 10
16 12
16 13
16 14
16 15
16 19
16 20
16 21
16 23
16 24
16 28
16 29
16 30
16 31
16 35
16 36
16 37
16 38
17 0
17 5
17 6
17 8
17 9
17 10
17 11
17 13
17 15
17 19
17 20
17 21
17 23
17 28
17 29
17 31
17 34
17 36
17 37
17 39
18 1
18 3
18 8
18 10
18 22
18 27
18 28
18 32
18 34
18 35
18 36
18 37
19 1
19 4
19 8
19 11
19 13
19 14
19 16
19 17
19 18
19 19
19 20
19 22
19 26
19 27
19 28
19 29
19 30
19 31
19 32
19 34
19 37
19 39
20 0
20 3
20 4
20 5
20 6
20 7
20 9
20 11
20 12
20 13
20 14
20 15
20 16
20 17
20 18
20 23
20 25
20 27
20 28
20 32
20 33
20 37
20 38
20 39
21 1
21 3
21 6
21 7
21 8
21 11
21 14
21 15
21 16
21 17
21 20
21 22
21 24
21 25
21 26
21 30
21 31
21 33
21 36
21 37
22 0
22 5
22 6
22 7
22 9
22 11
22 12
22 13
22 15
22 17
22 18
22 20
22 22
22 23
22 24
22 27
22 28
22 30
22 31
22 33
22 34
22 37
22 38
23 0
23 1
23 6
23 8
23 10
23 18
23 22
23 29
23 30
23 31
23 32
23 33
23 34
23 35
23 36
23 37
24 0
24 1
24 4
24 9
24 12
24 13
24 15
24 16
24 19
24 21
24 23
24 25
24 27
24 30
24 32
24 33
24 35
24 37
24 38
25 0
25 1
25 2
25 5
25 7
25 12
25 14
25 15
25 16
25 17
25 21
25 23
25 29
25 30
25 31
25 34
25 36
25 37
25 38
25 39
26 0
26 1
26 2
26 4
26 6
26 7
26 9
26 10
26 13
26 14
26 15
26 16
26 18
26 19
26 20
26 25
26 28
26 30
26 32
26 33
26 34
26 35
26 36
26 37
26 39
27 1
27 2
27 5
27 6
27 7
27 8
27 9
27 12
27 16
27 17
27 20
27 21
27 22
27 26
27 29
27 30
27 33
27 34
27 37
27 38
27 39
28 0
28 1
28 2
28 3
28 4
28 6
28 7
28 8
28 9
28 10
28 15
28 18
28 19
28 20
28 22
28 24
28 27
28 28
28 32
28 34
28 35
28 37
28 38
28 39
29 0
29 1
29 2
29 5
29 6
29 8
29 10
29 11
29 13
29 14
29 16
29 17
29 18
29 20
29 22
29 23
29 28
29 30
29 32
29 35
29 36
29 37
29 38
29 39
30 0
30 1
30 5
30 9
30 12
30 13
30 14
30 15
30 17
30 18
30 19
30 20
30 22
30 28
30 30
30 31
30 32
30 33
30 34
30 37
30 38
31 5
31 6
31 9
31 10
31 11
31 12
31 21
31 22
31 23
31 26
31 28
31 29
31 31
31 33
31 34
31 37
31 38
31 39
32 1
32 3
32 4
32 6
32 9
32 13
32 16
32 17
32 20
32 21
32 22
32 23
32 25
32 26
32 29
32 30
32 34
32 35
32 37
32 38
32 39
33 1
33 2
33 3
33 5
33 6
33 7
33 8
33 10
33 12
33 13
33 14
33 15
33 18
33 20
33 21
33 23
33 24
33 25
33 27
33 31
33 32
33 36
33 37
33 38
34 0
34 1
34 5
34 6
34 8
34 9
34 14
34 15
34 16
34 21
34 22
34 23
34 24
34 25
34 26
34 29
34 30
34 33
34 36
34 38
35 0
35 2
35 3
35 7
35 10
35 12
35 16
35 17
35 18
35 24
35 30
35 31
35 38
35 39
36 0
36 1
36 2
36 5
36 6
36 7
36 8
36 10
36 11
36 13
36 15
36 20
36 21
36 23
36 24
36 27
36 28
36 32
36 35
36 36
36 37
36 38
36 39
37 0
37 3
37 6
37 9
37 11
37 14
37 15
37 16
37 17
37 20
37 21
37 24
37 29
37 30
37 31
37 32
37 33
37 34
37 35
37 36
37 38
37 39
38 0
38 2
38 3
38 7
38 8
38 10
38 12
38 13
38 18
38 20
38 22
38 23
38 24
38 30
38 31
38 39
39 0
39 1
39 2
39 4
39 6
39 7
39 10
39 14
39 15
39 16
39 17
39 18
39 19
39 20
39 22
39 23
39 24
39 25
39 27
39 30
39 31
39 32
39 34
39 38
39 39
